155.055
170.231
156.091
2.184
140.595
233.822
164.678
122.004
185.219
20.268
240.366
90.856
246.909
178.541
12.511
50.24
64.042
111.423
71.521
236.644
79.833
171.298
188.407
255.487
101.378
161.101
27.741
186.947
253.165
153.837
264.98
268.157
77.745
132.71
145.021
234.448
272.896
281.013
21.111
187.144
89.264
19.575
136.234
147.27
79.302
188.253
16.328
81.258
20.807
26.153
76.058
129.771
26.932
85.777
94.167
133.542
14.482
126.871
160.174
284.477
198.539
203.941
26.439
168.735
217.168
101.862
196.545
80.231
9.58
156.011
195.059
180.551
111.867
15.582
143.949
282.654
37.266
170.995
137.787
204.574
188.177
39.467
282.083
55.435
135.714
114.025
195.112
148.89
197.235
193.376
219.906
190.902
54.246
152.407
291.217
273.367
197.626
236.558
194.647
204.265
198.659
185.576
32.813
98.878
47.568
249.428
40.607
264.624
276.325
57.212
124.919
156.874
286.613
191.635
39.949
238.629
282.533
140.484
108.428
84.842
127.075
167.218
136.251
145.066
67.716
201.463
175.816
211.516
223.149
24.844
94.402
163.132
252.91
63.114
74.066
53.772
196.947
155.491
258.271
274.55
290.89
191.441
11.728
265.718
99.757
154.558
31.143
167.139
165.442
88.983
259.58
140.323
225.263
280.407
88.57
21.292
146.493
270.749
181.139
59.92
119.537
147.904
270.355
247.932
200.834
87.544
221.731
82.909
183.61
240.674
138.477
52.835
105.298
10
14.71
66.139
292.714
95.903
211.672
211.266
56.439
267.455
260.778
55.894
9.263
95.99
125.384
184.202
109.688
223.06
286.492
67.935
272.357
4.004
5.455
274.406
147.233
183.406
83.087
53.33
7.845
104.67
145.141
8.337
112.726
243.357
230.814
259.836
183.371
220.223
286.532
96.799
11.908
49.356
123.193
233.367
55.218
283.021
272.237
198.222
58.576
234.237
44.701
38.283
45.06
252.792
165.669
28.784
80.725
239.367
264.942
26.189
32.628
136.686
109.524
29.673
37.131
183.655
190.785
272.639
203.524
144.742
150.624
242.527
109.95
90.706
205.792
264.71
35.248
200.121
148.552
76.588
197.523
276.833
205.378
127.755
232.747
142.404
196.554
211.765
253.785
234.118
186.041
223.559
213.28
70.028
265.201
185.412
49.474
76.834
80.003
133.536
269.539
115.522
59.297
143.901
21.972
109.967
279.9
100.073
6.695
75.872
89.653
14.145
198.273
142.535
119.617
44.748
158.355
277.288
174.249
18.145
23.692
247.218
227.49
266.307
14.275
195.076
59.847
222.341
207.334
230.572
277.547
99.013
151.231
17.419
215.278
156.266
24.492
199.689
227.457
136.32
13.461
143.623
147.747
186.388
191.368
132.719
89.787
108.255
162.777
187.829
85.972
13.193
174.175
35.684
111.222
62.898
48.543
150.362
39.06
125.249
33.515
232.938
137.322
17.488
32.754
29.524
24.597
29.971
43.195
31.681
244.157
255.613
16.642
231.983
25.342
174.205
202.818
66.012
207.039
216.234
171.551
75.732
197.264
248.893
24.167
161.386
87.805
260.349
120.029
20.93
182.438
189.554
207.43
187.718
111.327
171.134
263.417
73.781
187.919
277.519
176.396
185.801
217.882
268.542
21.478
68.407
211.97
284.872
153.883
193.536
200.576
216.769
220.091
166.832
213.354
224.362
22.484
231.598
143.45
93.13
83.401
176.773
232.11
158.413
193.04
279.218
94.661
206.001
16.462
160.431
219.696
81.406
55.594
260.261
287.747
165.905
198.755
124.497
35.858
274.489
92.869
255.179
15.396
272.396
39.741
29.171
61.124
207.68
50.662
213.44
39.03
75.167
123.586
207.343
220.823
82.681
42.182
222.927
162.077
56.189
51.096
224.095
52.67
285.073
158.422
290.109
22.368
28.29
17.629
215.298
151.65
56.229
54.764
12.373
47.852
54.494
