10.423
5.253
2.973
3.413
13.442
8.137
10.467
13.563
11.334
13.988
10.063
18.29
14.306
11.814
11.138
34.495
14.692
31.885
18.46
17.487
17.459
29.316
15.843
16.227
16.525
16.504
20.872
20.327
46.979
20.615
20.587
22.612
27.148
26.621
26.968
22.49
24.967
24.372
26.574
24.395
32.586
30.759
34.887
41.56
34.163
42.234
34.959
35.558
39.231
35.897
41.411
37.967
40.375
42.24
43.09
39.935
44.534
50.358
43.896
46.746
43.861
48.68
51.518
48.445
52.949
50.23
45.547
65.067
49.735
55.179
53.536
52.498
52.959
50.878
55.642
53.871
52.371
68.833
55.276
62.678
59.817
65.362
64.982
61.135
69.797
69.627
62.414
63.443
62.436
62.546
74.55
67.718
70.442
71.531
68.311
71.708
68.883
75.889
74.695
76.93
70.809
74.855
77.127
81.05
77.093
79.491
77.023
85.409
79.319
84.283
80.285
84.188
80.049
84.988
89.878
96.008
89.258
83.181
91.369
88.646
96.879
86.735
85.127
93.168
87.431
88.383
94.804
98.734
88.694
96.334
93.294
95.205
89.195
92.342
101.641
101.147
92.746
94.588
97.453
99.348
93.51
103.52
103.495
99.557
104.805
103.741
125.497
101.193
125.341
102.966
110.167
106.546
105.451
115.7
106.044
104.876
105.652
105.883
107.432
110.925
115.34
112.132
108.116
108.501
127.772
109.276
116.386
120.801
115.162
121.698
120.854
113.92
118.044
115.746
111.997
118.699
112.796
116.793
112.83
114.861
116.18
117.642
126.752
125.154
122.228
130.335
131.117
123.217
128.899
131.088
131.075
136
126.154
126.383
127.636
135.95
129.908
131.97
138.74
135.598
132.988
136.108
145.098
137.438
140.435
142.753
137.906
143.109
146.223
152.441
141.27
149.586
140.822
142.922
152.122
141.466
142.924
151.112
149.425
150.823
159.341
145.531
146.328
150.127
150.156
156.706
167.486
151.273
156.46
154.086
155.109
152.444
153.556
158.972
156.312
157.017
157.304
157.282
161.885
159.371
157.951
161.591
158.064
165.132
167.767
169.762
160.982
164.745
172.028
162.708
161.773
167.025
162.852
169.852
167.3
168.831
164.8
170.903
172.934
167.085
177.926
178.661
170.175
170.129
181.456
175.787
172.776
182.619
177.489
173.73
176.155
179.027
181.218
178.006
181.57
177.987
181.289
179.369
179.936
186.22
183.842
195.654
182.175
183.07
184.423
189.863
195.83
197.074
190.415
191.008
197.556
186.907
191.725
204.772
189.962
194.096
189.857
195.253
189.977
195.019
196.343
193.626
219.304
203.33
196.276
197.566
214.008
204.776
207.926
204.431
200.369
201.988
203.459
209.482
202.27
204.233
205.013
210.931
206.172
208.032
221.38
220.962
220.383
209.83
212.484
211.887
223.063
219.431
216.712
215.635
216.791
215.5
215.012
220.652
233.134
220.233
218.568
218.655
222.426
220.229
241.569
222.498
226.448
228.743
230.26
236.724
228.86
227.734
228.974
235.905
230.59
234.523
233.355
234.489
237.128
247.876
233.241
238.065
242.222
235.313
234.224
238.619
238.589
235.904
239.209
236.805
251.782
240.499
239.929
240.254
239.848
242.651
244.928
249.039
242.364
251.688
244.684
253.218
243.377
251.029
248.466
244.533
250.506
244.038
245.667
251.447
252.536
251.733
253.311
250.624
264.213
254.061
254.806
257.705
263.474
255.311
257.658
260.079
258.928
257.97
259.025
258.101
261.471
262.157
261.666
263.419
266.37
263.921
260.337
261.332
262.17
260.333
266.298
262.029
268.969
271.156
263.479
269.171
268.104
263.441
267.577
268.036
266.789
268.512
269.78
266.993
267.712
270.828
279.138
270.461
270.851
274.942
273.433
280.185
273.674
274.304
277.588
277.425
275.932
280.44
281.867
278.381
282.509
279.929
282.054
289.799
289.661
289.671
