847.69
872.649
9.313
3.912
16.391
22.165
0.745
58.301
1.863
63.144
122.376
8.382
1675.822
2.235
414.997
248.291
63.33
3.166
8.754
9.872
21.607
8.196
41.91
35.949
0.931
10.245
74.506
31.665
165.589
84.937
603.311
902.824
1.304
84.005
48.243
69.104
6.147
0.559
0.931
10.431
1385.063
1.863
2.98
19.372
11.921
202.842
19.744
3.912
244.007
41.723
627.898
77.672
449.27
14.715
676.326
41.164
99.838
1.863
701.1
18.813
288.71
35.39
2.421
62.026
669.621
149.012
66.683
618.771
17.136
124.238
322.983
297.651
13.97
2.235
259.466
397.302
515.208
5.029
15.832
14.715
417.419
47.684
530.854
72.271
571.646
418.164
31.479
8.754
21.234
190.176
688.992
286.661
394.136
73.016
4.098
303.611
121.444
34.086
378.676
5.029
633.486
4.098
78.231
98.161
0.931
694.767
5.215
79.535
357.069
4.284
23.283
353.158
4.098
41.91
1.676
1966.581
6.333
2.421
657.514
5.96
347.383
15.087
20.303
0.745
22.352
891.648
1.676
239.536
929.832
0.559
30.92
0.373
716.001
216.067
2.235
1116.47
4.47
2.421
9.872
71.898
250.898
520.051
22.911
15.087
1343.526
1.863
32.224
252.761
2.421
13.411
123.121
958.89
269.152
90.338
7.451
30.547
393.391
31.479
63.516
18.254
610.575
321.493
25.146
30.361
45.449
853.278
636.838
136.904
15.274
98.348
322.796
65.379
31.292
0.559
1008.064
207.685
277.162
21.234
9.313
0.559
3.725
7.823
2370.588
10.431
1344.085
3.725
12.852
25.332
4.47
0.373
325.032
8.009
18.626
272.691
143.982
708.55
121.631
283.681
183.098
39.302
94.436
19.744
27.195
601.448
21.979
317.022
0.373
166.334
122.562
14.156
790.879
62.399
31.665
5.402
0.373
147.894
0.745
0.931
718.422
2.608
0.559
44.703
0.745
5.215
122.562
2.235
135.973
40.606
10.245
14.901
205.077
4.098
171.736
14.156
72.084
299.513
192.784
0.559
104.681
688.247
182.167
12.48
66.869
37.625
3.725
349.618
498.071
7.264
0.373
662.729
59.232
34.645
3042.631
313.111
2.608
958.703
350.364
1.304
1393.259
24.214
103.749
12.666
48.243
60.163
6.519
0.559
19.558
125.542
0.373
0.373
3.166
7.823
24.587
21.048
27.195
753.254
117.16
910.275
64.448
172.295
40.606
8.941
1.676
81.584
357.069
7.823
126.474
1456.775
11.176
1.304
3.725
1.118
12.48
58.301
593.252
103.004
5.588
32.969
455.23
28.126
553.019
27.567
4.47
542.589
208.616
18.999
49.919
183.098
1639.5
0.931
78.604
0.745
192.784
1891.889
102.818
12.48
18.44
0.745
78.79
5.215
64.634
194.833
59.046
202.283
7.078
178.069
425.614
36.88
852.533
4.284
5.588
459.701
130.013
62.212
321.679
518.933
92.573
171.55
24.587
244.379
44.517
10.431
1212.023
37.998
60.35
569.038
65.006
145.286
27.94
311.248
69.104
150.688
211.038
255.927
4.657
416.674
7.451
301.749
0.373
0.931
97.23
1000.799
47.125
24.587
63.144
15.274
8.568
957.772
0.373
7.637
45.821
88.103
1989.864
246.987
279.583
230.595
206.94
0.559
27.94
372.343
36.694
6.892
162.05
74.32
96.299
1.676
30.92
1197.122
142.492
1.304
778.027
107.847
0.373
19.372
23.842
820.309
339.933
350.177
101.142
234.134
4.284
86.427
143.237
557.49
1244.619
2.421
260.212
17.136
298.396
0.559
835.024
240.467
4.284
6.892
2.049
114.553
0.745
56.438
0.745
233.762
231.713
405.87
778.586
675.209
247.546
87.172
4.284
4.098
127.405
256.486
2.049
525.638
195.764
2.421
4.098
36.88
4.843
838.563
5.96
126.66
838.377
552.833
0.559
107.288
123.493
488.572
5375.594
587.851
0.373
136.904
10.99
22.538
51.595
33.341
297.092
397.675
4.47
318.699
49.546
69.477
6.333
6.706
374.019
122.003
79.535
171.177
211.41
163.168
210.665
17.509
1577.66
59.605
2.049
16.578
16.019
148.08
552.088
0.931
12.293
220.723
106.916
156.09
269.897
194.274
244.193
2924.167
49.919
749.528
11.176
130.571
279.583
74.32
218.116
1734.681
133.365
5.029
11.548
7.078
302.307
79.907
173.226
136.346
3.166
79.535
579.096
385.568
1353.025
74.506
4.098
64.634
619.33
8.382
83.819
7.078
1569.651
215.136
374.764
349.805
5.96
2.421
27.381
72.829
81.584
6.147
6.519
9.313
3.166
15.274
14.342
108.033
13.039
72.271
44.517
0.559
532.717
11.548
1.676
1502.596
7.264
772.998
1316.331
277.162
450.574
123.866
4.098
22.538
96.485
14.529
46.38
175.647
105.798
83.074
26.263
148.08
29.616
3088.266
254.251
2.421
1.49
1342.967
280.328
508.316
1.49
5.774
7.637
84.937
168.756
7.823
1488.067
8.009
220.91
5.215
22.724
639.446
38.743
8.196
29.057
671.111
13.039
73.947
20.862
225.566
15.646
3.353
30.175
2.235
113.063
215.694
685.081
92.573
1.676
42.282
10.245
9.872
206.754
89.779
109.896
449.829
12.293
14.342
13.039
204.518
293.739
67.241
131.316
6.519
293.18
0.373
3.912
232.458
150.129
73.574
414.066
596.419
2.235
1.118
47.497
82.701
75.251
5.774
2.235
43.958
84.378
55.879
27.195
35.577
8.754
26.45
0.373
295.416
530.109
1.49
143.796
13.411
46.194
283.495
205.636
28.685
2.049
66.496
0.931
10.431
8.196
16.391
2.049
781.007
10.431
52.899
187.01
5.402
3.353
18.999
151.061
332.482
0.745
13.597
104.494
20.117
2.608
11.921
318.326
0.931
1.676
10.803
35.949
472.739
11.735
554.323
169.128
21.234
12.293
8.196
134.297
1.676
0.745
28.312
6.147
4.098
55.693
296.161
1.304
367.686
17.509
8.009
20.117
98.161
673.346
430.457
1.863
2.794
34.831
133.738
7.823
103.191
78.79
804.476
8.196
3.353
519.492
107.102
160.001
1.118
74.506
1.118
180.118
67.241
5.96
263.192
9.872
231.527
294.298
17.881
262.819
42.841
256.3
55.134
190.362
5.774
2.235
16.578
2.794
0.559
