16.035
6.389
1.221
1.439
19.027
8.864
11.737
18.951
8.961
13.204
5.29
19.683
12.129
6.742
3.368
50.175
4.277
34.385
13.062
8.462
7.853
35.043
3.477
3.751
3.685
2.075
9.938
6.104
65.786
7.245
2.191
5.79
12.465
12.315
15.006
1.287
5.187
2.247
5.754
1.549
14.386
3.004
9.035
23.034
2.573
16.703
1.549
2.095
9.464
2.475
13.645
5.711
5.098
8.389
10.835
2.247
9.438
21.241
6.178
9.582
3.512
12.143
18.06
13.351
20.923
12.019
1.037
43.255
8.364
18.308
13.769
11.74
11.863
4.719
10.692
6.097
2.73
31.299
1.439
15.596
9.438
19.667
16.757
9.842
26.496
24.484
2.73
4.763
2.32
1.678
24.593
9.975
12.098
13.135
6.211
9.279
3.112
14.561
9.8
14.94
1.842
8.379
10.994
16.888
8.784
14.334
7.602
21.704
8.304
15.51
8.179
15.295
6.07
16.246
22.657
31.682
16.322
2.573
17.925
12.634
28.906
7.677
2.373
19.129
5.868
7.285
20.021
27.485
7.118
16.299
10.246
12.771
0.814
7.118
24.634
20.852
2.653
5.826
11.206
14.288
0.814
20.576
17.504
6.389
18.497
13.486
51.239
1.037
48.157
2.714
19.072
9.03
6.561
24.741
3.639
1.439
2.877
0.814
3.112
9.668
17.925
10.677
2.573
1.287
35.984
1.93
16.688
23.122
13.301
25.483
22.443
8.403
14.32
9.672
1.287
14.515
2.373
9.938
1.678
2.191
3.281
1.82
20.41
9.842
2.075
17.287
18.165
3.112
13.841
14.964
13.599
26.055
1.842
1.549
2.834
17.727
1.678
4.392
15.953
9.14
1.93
7.596
26.591
6.929
13.248
16.403
6.692
17.167
18.488
33.462
7.464
25.738
4.392
8.807
26.658
2.714
3.512
15.751
12.65
14.931
34.547
1.549
2.373
6.049
5.098
18.702
39.14
3.477
12.402
9.035
10.704
3.281
4.494
12.712
6.929
7.024
6.863
5.534
13.841
7.596
2.475
10.05
1.439
16.215
17.876
22.801
3.605
12.207
24.585
5.675
2.035
10.314
1.75
16.36
10.087
14.775
2.32
12.292
14.449
2.73
22.788
23.37
5.406
8.102
26.374
12.143
6.742
20.558
9.842
1.628
5.033
11.895
14.617
6.863
14.013
6.224
10.773
3.74
6.742
17.287
9.288
36.491
8.751
7.397
10.708
20.816
31.609
35.994
16.924
13.957
23.251
2.714
12.848
42.139
6.735
14.558
4.684
18.737
1.93
10.294
7.001
1.842
51.097
17.908
1.287
3.751
34.768
17.961
21.704
14.213
6.369
7.569
9.012
15.347
1.186
4.917
5.754
12.611
2.653
5.697
27.09
28.22
28.98
4.189
10.846
5.587
27.784
19.131
12.858
7.774
8.938
6.692
2.962
11.498
36.364
7.645
5.697
1.439
9.564
1.549
42.639
3.512
12.719
13.838
13.969
23.251
5.557
3.685
6.574
14.054
3.099
13.201
6.284
7.552
12.359
31.896
4.12
15.929
23.52
5.352
2.32
8.784
8.864
2.458
9.438
2.475
32.755
8.102
8.061
5.033
3.512
9.464
9.03
15.295
2.373
20.217
6.117
23.099
2.075
17.53
13.135
4.008
15.064
1.287
4.12
15.96
14.962
12.359
12.663
4.15
39.582
6.692
7.336
11.744
20.941
3.465
8.015
9.279
5.527
2.934
4.684
2.653
9.525
11.382
7.916
9.603
15.953
12.292
2.573
4.089
4.639
1.439
13.078
3.099
16.329
22.439
3.913
14.699
11.599
1.678
9.564
10.009
5.29
7.193
9.499
2.934
3.913
10.07
20.846
2.475
3.004
8.555
2.653
16.403
1.82
2.834
8.765
8.784
4.467
10.956
11.221
3.639
10.374
2.075
2.32
7.661
3.751
2.035
