1.976
1.717
1.133
1.728
4.362
2.752
0.935
4.367
1.345
4.877
3.042
2.457
2.322
2.213
2.472
3.185
4.692
2.551
4.664
2.862
2.898
5.014
2.76
3.76
5.581
6.366
4.509
3.239
5.233
4.475
4.737
3.165
4.505
5.247
3.539
5.612
4.5
4.241
4.58
4.747
4.333
5.834
6.665
6.521
7.762
4.69
6.838
7.524
4.388
5.054
5.654
5.999
7.995
5.323
5.353
5.282
5.323
8.269
6.748
6.278
7.159
6.63
7.319
6.517
7.9
7.447
7.533
6.928
7.319
7.375
7.944
8.345
8.335
7.673
7.105
9.122
7.372
7.514
8.684
8.189
9.912
7.667
7.214
8.077
8.053
8.552
8.275
11.128
7.825
9.746
8.2
9.027
7.625
8.577
7.995
8.33
9.418
9.208
8.657
8.919
10.491
9.028
9.397
10.467
9.777
11.888
9.671
8.776
8.943
10.06
10.167
12.72
9.223
9.478
9.678
11.213
9.558
11.079
12.546
9.694
12.263
9.387
10.379
10.911
11.547
9.783
10.492
9.557
10.404
10.589
11.886
10.662
10.759
10.178
10.195
10.214
10.909
10.194
11.347
12.555
10.681
11.476
11.186
12.784
11.882
11.775
10.24
10.862
10.584
10.87
12.363
11.81
12.667
13.136
13.731
12.319
12.197
11.897
13.443
11.419
13.623
14.878
13.187
11.768
11.869
12.097
12.829
12.073
11.797
12.554
12.617
13.821
13.487
13.106
11.869
12.146
13.324
14.085
13.919
12.516
12.704
15.582
13.307
12.962
15.547
13.264
13.203
13.52
12.772
13.339
13.96
13.688
12.914
13.968
15.347
13.104
14.697
14.872
16.129
16.638
13.689
13.42
13.615
13.985
14.386
15.593
14.193
13.609
14.051
14.325
14.374
15.609
15.482
15.295
14.492
16.728
14.765
16.584
17.183
15.428
15.722
16.033
17.968
15.981
16.247
14.914
15.515
15.285
17.017
15.697
15.48
15.623
16.263
17.385
15.611
17.118
17.826
16.799
15.88
17.54
16.549
18.529
17.53
18.053
17.89
16.041
15.969
16.78
16.026
16.568
16.75
16.462
18.566
19.685
17.171
17.15
16.4
16.949
18.629
16.688
16.832
17.048
16.328
17.139
19.254
18.019
19.232
18.793
19.863
19.45
18.766
18.229
17.983
17.983
18.573
19.392
20.52
19.109
19.255
19.971
19.057
19.27
19.525
18.209
19.34
17.983
18.612
18.573
19
21.448
21.467
20.13
18.599
19.601
19.608
19.405
18.882
19.739
19.405
19.466
19.68
19.997
20.013
20.586
19.45
20.41
19.623
19.767
22.985
22.5
20.437
20.272
19.975
20.982
19.565
21.277
20.797
21.32
25.041
20.172
22.085
20.48
20.764
20.808
20.623
20.706
20.285
21.13
22.257
21.472
20.687
24.037
21.723
20.901
20.774
21.417
21.066
23.499
21.325
22.45
22.788
22.103
21.004
22.545
24.434
21.826
25.319
23.262
21.659
22.353
21.829
22.854
21.471
25.364
24.952
21.925
23.206
21.966
22.004
22.422
22.205
22.63
21.781
22.155
22.34
22.258
24.916
22.977
25.074
24.032
22.751
26.01
22.536
22.744
23.75
25.536
24.067
22.586
25.496
24.57
25.43
24.384
23.787
23.486
23.852
23.45
25.323
23.298
23.769
23.45
23.162
23.194
23.859
25.577
27.016
24.759
25.311
23.737
26.74
24.442
24.169
25.106
25.025
26.463
24.189
24.857
24.529
25.467
24.916
24.797
26.204
25.486
26.832
26.772
27.526
25.902
26.272
25.684
25.176
27.615
25.729
26.863
28.156
26.631
26.458
25.847
26.268
25.843
26.573
27.001
25.895
27.122
28.395
26.346
28.497
28.141
27.18
28.561
29.228
28.053
27.366
28.098
29.382
27.385
27.963
27.522
27.813
27.946
27.075
27.833
27.775
28.893
28.428
30.356
28.538
28.699
30.827
30.618
29.25
29.122
28.652
28.88
29.366
29.88
28.649
28.54
32.322
28.706
31.301
29.375
29.63
29.382
30
31.106
29.182
32.497
29.185
29.089
32.016
29.666
29.031
29.04
30.909
29.856
32.039
31.19
33.228
29.636
30.224
29.42
30.506
30.888
30.82
29.636
30.225
30.085
29.732
30.476
30.762
30.616
33.284
29.779
31.933
30.265
30.067
31.662
31.397
30.609
33.254
33.394
31.599
32.679
32.997
32.136
34.085
31.352
31.238
31.819
33.09
34.223
31.329
32.468
32.492
32.356
31.632
34.968
33.893
31.448
31.588
35.11
34.441
32.856
32.242
32.627
32.313
32.689
32.801
33.387
33.892
33.011
34.756
33.89
34.42
32.451
32.862
32.57
33.757
33.992
33.546
34.172
33.175
33.917
34.31
34.045
34.951
34.195
36.599
33.999
34.822
35.022
34.321
38.429
34.823
34.479
35.993
35.724
36.31
34.502
36.181
36.888
34.882
34.7
34.849
34.671
36.602
36.466
35.729
38.334
36.32
35.006
37.005
39.99
37.323
36.01
37.186
35.838
36.748
35.822
39.698
36.506
35.93
36.349
35.74
38.3
37.469
36.151
36.397
38.283
38.945
36.433
36.656
37.773
36.813
36.93
36.829
39.641
38.143
38.377
36.557
36.397
37.102
38.57
37.35
37.116
37.653
38.778
38.464
38.305
36.901
39.81
38.318
39.712
37.62
37.983
40.155
40.432
37.548
39.303
38.752
40.017
40.97
38.803
38.013
41.068
38.312
38.661
40.634
38.345
40.199
38.592
39.317
38.008
39.81
40.077
39.847
42.624
38.856
39.227
39.615
40.302
39.102
39.905
38.987
41.05
38.987
39.202
39.202
39.144
40.509
39.706
39.274
40.335
41.028
39.981
39.131
40.012
39.771
41.016
42.97
42.09
43.248
40.425
41.191
42.928
40.608
40.447
40.713
41.27
40.461
40.508
40.754
41.202
41.365
43.156
41.519
41.302
42.26
41.081
43.354
40.932
41.55
41.239
42.024
43.444
41.231
41.658
42.825
43.297
41.288
43.701
41.848
45.003
41.733
43.205
44.608
41.643
43.184
41.72
43.001
42.269
43.047
43.256
42.842
42.501
43.102
45.497
43.701
42.08
44.813
42.439
45.766
42.771
42.877
42.583
44.06
42.993
42.969
42.727
42.631
44.563
43.694
43.087
43.883
45.364
44.904
44.683
45.471
43.734
44.529
43.662
44.272
43.398
45.068
45.397
46.351
44.851
45.918
43.936
43.878
47.318
44.626
46.539
45.567
44.31
44.552
44.542
47.571
44.963
45.335
46.176
44.878
45.441
44.597
44.971
45.793
45.302
45.496
45.892
48.223
45.556
45.391
47.213
46.58
48.117
45.572
46.479
46.329
48.366
45.522
45.95
45.687
45.389
45.712
45.432
47.28
47.339
45.748
47.156
46.899
46.093
47.312
46.237
46.771
47.995
46.913
47.366
46.036
46.687
48.432
48.09
48.131
46.468
47.34
46.87
50.099
47.187
47.6
48.101
49.024
48.351
48.261
50.318
49.393
48.751
47.54
47.722
47.669
48.011
48.482
47.331
47.669
48.594
48.858
47.924
49.796
48.139
48.125
48.226
50.699
48.6
48.467
50.363
50.141
48.966
50.971
48.78
48.769
48.988
49.096
50.657
49.354
48.424
51.09
50.526
50.298
49.102
51.924
49.027
49.126
50.858
53.503
49.129
49.454
51.158
49.299
49.517
50.631
49.949
49.802
49.201
51.58
53.506
49.888
51.375
52.4
49.776
50.39
49.585
53.655
52.442
50.496
51.914
50.307
53.553
50.899
50.352
50.136
53.769
52.022
50.429
51.061
50.973
51.181
53.488
52.899
53.936
51.019
53.546
50.64
51.734
53.403
51.32
51.633
52.342
52.313
51.443
53.119
52.819
51.808
52.078
52.769
53.297
54.941
52.204
53.762
56.662
51.862
54.142
52.746
53.892
53.373
53.7
55.705
53.304
53.82
53.996
52.962
52.88
53.789
53.051
52.874
53.327
53.983
53.776
54.616
53.157
53.846
54.452
54.213
55.426
53.517
56.367
55.002
56.571
54.762
54.302
56.812
54.773
54.965
54.401
55.773
54.614
55.334
54.978
54.883
54.971
55.441
57.417
56.448
54.56
55.821
55.099
55.329
55.177
55.439
54.776
55.243
54.869
55.825
57.396
55.797
55.419
55.962
55.775
59.365
57.198
57.841
58.921
59.384
56.267
56.25
57.946
58.81
56.519
57.643
56.25
56.713
57.606
58.503
56.234
56.93
57.378
56.682
56.394
56.666
56.969
58.233
56.715
57.124
58.038
58.203
57.647
57.26
57.626
56.649
58.12
57.145
57.152
57.374
57.897
60.822
58.48
57.401
60.183
61.06
57.866
57.497
58.233
58.139
58.021
58.264
60.287
57.943
59.042
59.458
58.048
58.419
61.763
58.048
58.74
58.591
61.392
58.504
58.952
60.172
59.942
59.219
58.638
58.52
60.574
60.955
58.552
59.384
58.709
58.696
60.097
59.292
60.269
62.237
59.725
60.217
59.871
60.121
60.059
60.637
63.061
60.936
59.669
59.271
59.592
59.271
59.621
60.396
62.133
59.902
60.075
60.675
61.07
60.5
60.095
61.499
63.752
60.176
63.233
61.722
61.458
61.359
61.014
62.037
61.248
60.494
61.406
63.619
60.953
60.752
63.112
63.433
63.052
62.188
63.122
61.791
61.73
64.101
61.213
63.839
61.988
61.946
62.277
61.818
63.14
62.087
61.909
62.278
62.839
63.001
62.767
62.604
65.686
63.237
62.484
62.746
63.901
63.985
65.602
64.112
63.178
62.912
63.081
63.512
63.156
63.103
63.461
65.46
62.976
64.258
63.333
65.447
63.731
63.242
63.76
63.623
66.024
63.75
63.491
65.97
65.079
65.942
64.267
63.767
63.917
64.167
65.676
64.103
66.217
65.122
65.804
65.515
64.115
66.678
64.824
64.834
66.219
64.742
67.378
64.841
65.891
65.921
64.68
65.637
65.794
66.245
66.288
66.297
66.136
67.591
67.798
65.755
66.013
66.526
65.493
65.697
66.633
65.553
65.711
65.56
65.457
66.55
66.552
66.349
66.559
66.398
68.31
66.738
69.32
68.021
66.205
68.219
66.141
66.529
68.986
66.903
69.867
66.464
68.038
66.543
67.252
66.687
66.977
67.717
68.187
67.184
67.276
67.494
67.168
68.329
67.48
67.204
67.513
67.184
68.946
68.769
70.207
68.437
68.303
68.445
68.957
69.065
70.001
68.957
71.094
68.519
69.18
68.095
70.187
70.819
69.063
71.536
70.904
69.691
68.572
68.311
68.248
70.349
69.068
69.157
68.979
68.991
68.663
70.176
69.139
71.253
69.317
68.838
69.865
69.211
69.434
69.067
71.684
68.766
69.647
69.419
69.647
68.91
69.39
72.62
71.171
71.958
72.944
69.814
69.485
71.805
73.169
70.256
72.675
71.368
70.625
73.545
71.675
72.014
70.841
72.132
70.253
73.038
71.341
71.347
70.924
73.191
71.317
71.392
72.331
72.116
71.813
72.043
72.315
73.629
71.712
71.394
74.508
74.142
71.404
71.912
71.634
71.979
72.099
74.449
71.96
72.896
73.394
72.659
73.438
72.543
74.657
73.88
72.628
73.325
72.733
75.179
72.856
73.689
73.537
74.851
73.288
74.153
75.486
78.29
72.866
73.214
73.866
75.205
73.555
73.514
73.742
76.624
74.431
75.825
76.249
74.76
73.801
74.119
74.027
75.344
73.916
74.449
75.043
74.695
74.197
75.465
76.166
76.076
75.72
76.404
74.521
77.132
74.848
75.139
76.853
75.914
77.744
76.977
77.444
75.176
75.353
78.206
76.748
75.528
76.354
76.564
75.144
76.382
75.384
78.642
75.72
76.351
76.095
78.898
78.633
76.015
76.82
75.882
75.839
76.137
76.572
78.511
78.952
76.062
76.391
76.295
77.025
77.493
76.966
78.422
78.428
78.424
78.672
76.902
77.158
77.024
77.77
77.364
77.086
76.966
79.426
77.999
77.58
77.542
77.794
77.47
78.192
77.67
78.453
78.22
79.283
81.755
80.648
78.485
78.405
78.293
80.009
77.686
79.18
82.08
79.591
78.175
78.309
79.686
78.225
81.9
80.142
78.383
79.381
78.734
78.842
80.585
79.572
79.535
79.001
79.124
79.014
81.364
79.076
80.978
81.193
80.342
81.219
79.9
81.402
79.657
80.102
81.343
79.7
79.822
79.889
81.407
83.401
80.083
80.81
83.461
81.243
80.227
80.131
81.619
81.027
81.142
81.872
82.329
81.693
82.82
82.581
80.899
80.803
83.071
81.088
82.425
81.516
81.445
82.835
84.741
84.985
85.889
82.538
82.459
82.28
81.627
82.474
83.105
81.596
82.321
84.921
82.125
83.502
84.849
82.203
83.272
83.117
83.179
82.681
82.646
83.262
82.849
82.697
82.896
82.644
86.151
83.519
86.093
83.941
83.8
85.867
83.755
83.722
85.897
84.146
84.285
86.189
83.526
84.312
83.776
85.683
84.64
84.085
87.785
87.547
86.798
86.353
84.314
85.888
84.447
84.724
85.601
86.248
84.447
85.341
84.292
87.163
84.607
84.505
84.769
85.581
86.838
85.964
85.656
85.844
86.768
86.77
86.508
85.422
85.483
88.735
86.02
85.423
87.273
87.002
85.119
85.406
85.487
85.393
86.2
86.803
85.454
86.311
87.139
86.284
86.503
86.992
86.221
86.521
91.359
87.665
86.486
86.174
87.722
87.89
88.159
86.916
87.68
86.965
87.562
87.812
87.364
88.475
87.26
87.627
87.989
87.342
88.501
87.729
90.616
87.54
88.48
87.746
88.26
88.083
90.203
89.051
88.602
89.025
90.068
89.235
88.279
89.31
88.116
89.453
91.993
91.669
89.259
88.731
89.147
89.592
89.778
88.475
89.683
89.989
89.631
89.839
89.543
88.907
89.051
88.868
89.597
91.627
89.929
89.425
90.341
90.686
89.267
89.9
90.199
90.114
91.605
90.058
89.511
89.223
91.148
89.803
93.845
91.577
89.976
91.036
90.058
91.819
91.155
90.843
90.35
91.3
92.541
94.095
89.971
90.182
90.284
91.032
90.381
95.214
93.983
91.656
91.49
93.686
92.491
91.209
91.964
91.353
93.681
90.669
90.928
93.246
90.969
92.767
91.065
90.882
92.596
93.95
91.698
92.615
91.776
91.767
95.014
93.672
91.928
91.813
92.491
92.639
94.79
92.033
92.216
92.941
91.928
95.159
94.309
92.961
93.23
92.599
95.621
92.519
95.322
92.532
93.396
92.446
92.908
93.5
93.313
92.719
93.996
94.237
93.367
95.86
97.314
93.445
95.644
94.237
94.287
95.076
94.168
93.654
94.741
94.312
94.339
94.435
93.942
94.014
99.044
95.463
95.858
95.211
95.517
94.949
97.52
97.371
95.199
95.335
97.961
94.764
96.001
95.381
95.208
95.749
97.668
96.001
97.294
98.713
96.72
96.932
95.759
95.841
95.834
95.983
99.727
95.895
96.186
96.208
99.724
96.455
98.458
97.575
96.911
97.773
98.914
98.632
96.741
96.662
97.373
97.373
97.766
97.089
97.824
97.415
97.542
97.705
99.639
97.583
97.107
100.816
100.203
99.593
97.452
97.28
100.39
98.821
97.874
97.999
98.184
98.744
97.97
97.97
99.907
98.172
98.603
98.822
98.506
100.271
99.116
99.046
98.546
100.559
98.865
98.676
99.908
99.332
99.194
99.454
98.656
99.565
100.581
100.201
100.202
102.033
100.988
99.08
99.355
99.428
99.634
98.905
101.865
100.689
100.787
101.929
99.409
102.271
99.906
99.652
99.927
99.409
100.855
100.54
102.513
101.726
101.456
102.525
101.993
102.276
100.818
103.45
100.521
100.58
100.776
101.599
101.186
100.991
103.292
101.973
102.274
102.79
101.279
102.586
102.455
102.242
102.837
103.659
102.52
102.363
103.049
102.591
103.303
101.519
103.603
103.496
101.711
103.402
102.19
102.627
102.613
103.424
104.046
103.663
103.637
103.867
102.757
102.957
103.507
103.572
103.221
103.753
104.432
103.715
105.097
105.26
103.379
103.565
105.574
103.812
103.539
103.725
106.786
103.383
104.591
105.972
103.509
104.108
104.629
104.24
106.071
106.169
104.811
105.502
106.167
104.644
108.457
108.305
104.243
104.348
107.674
107.757
106.499
104.614
106.513
105.559
106.053
106.768
104.799
105.692
104.774
105.465
106.516
105.438
106.786
105.321
107.032
107.277
106.88
106.464
105.355
105.427
106.885
106.335
106.807
105.577
105.862
106.395
108.343
106.027
107.852
106.301
106.567
106.646
106.775
106.027
110.413
106.569
106.248
108.168
107.167
106.17
106.34
106.487
108.177
107.048
107.058
107.564
106.631
107.707
107.313
106.837
107.334
108.06
108.16
108.125
108.462
108.031
107.297
108.666
107.532
107.433
108.305
108.475
107.424
110.792
107.136
108.309
110.678
108.317
107.849
107.62
108.126
109.226
108.598
107.868
109.301
110.059
109.226
108.374
110.327
111.211
109.812
109.057
109.354
110.429
110.691
109.039
109.123
108.94
110.498
110.289
109.244
111.2
110.588
109.869
110.345
112.951
109.032
109.479
109.617
110.185
109.501
109.407
110.466
111.905
110.597
110.445
112.408
109.685
109.911
112.045
111.608
110.275
110.798
111.805
112.37
111.453
113.168
110.454
112.259
110.298
110.966
113.552
111.864
111.17
112.177
112.022
112.52
112.81
111.87
113.289
112.863
111.284
111.785
111.903
112.077
112.119
111.349
113.264
112.525
113.059
114.451
112.152
114.052
113.241
111.637
112.141
114.179
113.472
113.121
113.68
112.599
114.682
112.213
114.723
113.645
114.215
113.294
114.705
113.477
116.133
113.968
113.594
112.788
113.586
113.553
113.466
116.704
113.475
113.539
115.411
113.884
114.555
117.856
113.853
116.683
114.404
114.566
115.452
114.658
114.609
117.316
117.41
114.323
114.74
114.68
116.059
114.601
115.359
114.687
114.908
115.874
114.769
115.273
117.714
115.341
115.848
116.542
116.085
115.119
117.395
118.692
115.883
115.391
116.922
116.146
116.103
115.962
116.347
118.504
118.22
115.569
116.128
116.364
117.379
116.991
115.957
116.88
115.943
118.44
119.478
118.645
118.272
116.212
116.503
116.642
116.986
116.097
117.897
116.097
116.869
116.411
117.815
117.523
117.463
117.097
117.373
119.157
117.012
118.666
116.864
117.519
118.524
117.667
117.202
118.467
116.878
119.034
119.068
119.076
118.375
118.641
117.938
122.703
118.86
118.59
118.015
120.184
120.79
120.641
120.611
119.637
118.337
118.168
119.03
118.821
119.115
119.359
118.66
119.449
118.89
118.351
118.399
118.765
119.026
119.105
119.166
119.933
120.105
119.58
119.521
124.649
120.777
119.959
119.959
119.733
120.612
121.897
120.099
120.44
120.392
119.952
120.777
120.183
120.976
121.895
120.269
120.841
120.197
120.413
120.796
122.281
120.7
125.181
122.077
121.243
121.417
122.48
121.862
121.948
121.647
121.679
122.184
122.726
123.393
122.315
123.567
122.75
120.844
121.799
121.356
123.099
123.461
121.934
123.753
121.979
122.286
122.592
122.073
122.061
122.476
122.728
122.944
122.11
124.558
122.957
121.708
122.745
122.416
122.912
122.547
122.139
122.328
122.193
125.16
122.484
124.403
125.054
122.619
122.531
122.882
123.316
122.679
122.427
122.715
123.419
123.492
125.245
123.894
123.222
124.572
122.715
123.873
123.945
123.663
123.715
123.647
125.057
125.919
124.769
124.209
125.026
123.75
125.392
124.405
124.163
127.1
127.019
124.123
125.297
124.627
123.981
126.699
124.77
127.117
124.925
125.016
127.24
126.421
124.706
124.849
126.217
125.621
125.227
124.552
125.941
125.362
124.441
125.522
126.439
128.857
126.571
127.269
126.62
126.68
125.946
126.894
125.889
129.662
127.576
125.9
125.9
125.93
125.696
126.14
126.274
125.534
128.64
127.484
126.548
126.527
126.167
129.257
126.383
127.114
126.901
127.165
128.395
127.022
128.039
126.563
127.115
126.743
128.95
127.256
127.318
129.636
128.431
129.845
130.167
127.804
128.13
128.507
129.873
127.75
128.418
128.624
128.504
130.204
127.951
128.49
128.469
127.951
129.326
132.109
129.031
128.638
129.3
128.133
129.105
128.94
128.565
129.439
129.044
129.358
129.974
130.109
131.166
129.659
132.341
129.188
130.218
131.317
129.102
130.592
129.507
130.231
130.216
129.719
129.754
129.764
131.398
130.904
129.738
129.332
129.862
130.275
130.195
129.965
131.506
130.037
129.677
130.225
132.207
130.195
131.942
133.449
130.123
130.231
132.066
131.305
130.559
131.156
130.882
131.871
131.013
130.879
132.016
130.937
131.244
131.648
133.336
132.057
133.925
133.085
131.111
131.011
134.046
131.554
133.343
132.062
131.739
131.742
131.377
131.673
133.315
133.162
131.757
131.72
133.266
134.902
131.937
134.207
132.024
132.066
132.885
136.693
131.675
135.146
132.357
132.445
132.281
132.577
132.672
135.558
133.006
133.262
138.032
135.273
133.114
132.713
133.51
132.569
133.441
135.169
134.419
133.285
133.041
133.778
133.343
136.469
136.439
135.303
135.657
133.84
134.694
133.84
134.181
134.04
134.976
133.763
134.627
134.224
134.592
133.904
135.188
135.56
134.671
134.858
136.097
134.682
134.08
135.569
134.816
135.656
134.661
134.772
136.972
137.465
134.82
135.087
135.99
138.339
134.972
135.476
135.087
136.091
136.186
134.741
136.486
136.16
135.231
135.533
135.734
136.539
136.933
138.494
135.861
136.138
136.427
136.051
137.395
136.206
136.274
137.65
136.316
136.429
137.129
138.019
137.022
136.709
137.974
137.416
137.68
137.219
139.327
137.616
137.326
136.41
137.216
137.757
137.565
138.09
137.654
140.093
138.903
138.187
137.712
137.197
140.19
138.388
137.796
140.421
139.467
139.4
138.853
141.159
138.014
138.693
139.197
139.015
139.396
138.473
139.161
143.916
138.603
139.365
138.873
140.525
139.78
138.644
141.206
142.446
140.019
138.719
139.606
138.779
138.982
139.141
138.955
141.32
139.444
139.179
139.991
139.043
140.077
140.677
139.418
140.01
139.927
139.781
142.277
142.405
142.523
140.103
142.37
141.132
140.389
140.502
140.579
140.73
141.372
140.675
140.967
143.567
140.423
142.019
140.421
140.928
143.306
141.23
140.493
141.696
141.005
140.665
140.553
141.162
141.325
141.273
143.692
141.149
141.566
141.417
144.813
143.599
142.953
142.475
142.348
142.354
141.872
142.269
143.797
143.138
142.058
141.828
142.496
143.86
141.992
142.954
142.802
144.525
141.877
143.904
143.579
142.576
142.736
142.504
143.485
144.388
145.205
144.331
145.414
143.588
144.314
145.6
144.289
143.282
143.465
145.219
143.287
144.231
143.201
145.396
144.929
143.94
144.129
144.033
143.872
146.022
145.89
145.043
147.307
144.6
144.725
147.356
146.609
144.894
146.001
145.522
145.409
146.13
146.776
145.296
145.037
145.026
147.401
145.578
146.908
146.148
147.053
145.301
147.735
145.013
145.673
146.363
146.465
146.624
146.001
146.278
146.982
147.412
147.05
145.865
146.212
149.305
146.25
146.374
146.694
146.849
147.354
146.404
147.755
147.009
146.768
146.865
149.895
147.171
147.144
149.628
148.349
147.075
147.056
150.255
147.253
148.637
147.758
147.751
147.507
148.195
147.276
147.667
151.51
149.532
150.698
150.09
151.368
148.802
147.459
148.473
148.141
148.26
149.076
148.802
148.717
148.413
148.854
148.322
150.609
149.402
148.619
148.322
149.338
148.711
148.571
148.933
149.494
149.35
150.422
150.346
149.175
151.277
151.881
150.677
151.396
149.478
150.596
149.362
150.373
149.407
150.416
149.83
149.741
150.15
149.185
149.698
152.032
149.923
150.687
149.761
150.021
151.047
152.863
151.113
150.456
149.991
151.007
151.409
152.342
151.324
151.439
150.336
151.867
153.469
150.135
150.48
150.048
150.876
152.927
152.911
150.528
151.335
153.015
154.901
154.326
151.548
154.425
152.728
153.496
151.535
151.127
151.199
151.576
153.537
151.664
152.032
152.469
153.852
153.115
154.35
152.227
153.63
152.521
154.093
152.996
153.459
154.093
153.783
153.464
154.591
154.261
153.177
153.431
155.817
153.09
154.179
154.313
154.548
153.341
154.779
153.8
153.63
153.712
154.052
155.09
153.952
156.556
153.583
155.5
155.081
155.816
154.24
156.572
157.724
154.322
154.077
155.207
157.341
155.509
154.58
155.262
155.032
157.554
154.911
155.935
157.317
155.823
155.451
156.888
157.625
155.256
155.467
158.722
155.551
155.923
157.649
156.246
156.425
158.123
156.9
156.821
157.558
156.643
157.285
157.051
156.755
156.563
158.514
156.947
159.989
157.139
156.442
158.693
157.93
157.299
157.378
160.529
160.282
158.557
157.543
157.441
157.848
159.68
157.795
159.346
159.393
157.881
158.516
159.982
159.333
158.651
160.437
158.832
160.865
158.771
158.026
158.68
159.208
161.425
158.338
159.48
159.498
159.491
159.345
161.604
158.968
158.392
158.623
159.687
160.194
160.617
159.605
164.504
159.16
160.106
159.524
163.425
161.758
159.915
159.847
159.831
160.482
162.269
159.879
159.651
160.922
159.759
161.412
160.611
160.181
160.506
160.478
161.399
161.926
160.669
163.475
160.478
160.517
163.821
162.803
160.991
162.814
162.194
161.925
161.577
162.723
162.824
161.318
162.159
162.725
162.727
162.716
162.332
161.461
162.605
164.396
162.193
161.767
162.852
162.983
164.703
165.767
165.068
163.953
162.877
162.133
162.875
162.421
163.288
162.921
165.753
163.218
162.827
162.492
163.673
165.032
163.284
163.616
164.412
163.428
164.015
164.178
163.255
164.49
163.571
167.6
164.262
164.7
167.8
165.458
164.195
163.982
164.546
165.265
163.955
164.243
164.382
164.502
166.289
164.435
164.62
164.634
164.401
164.65
165.335
167.311
168.875
166.224
166.147
165.915
165.572
164.881
165.378
165.207
165.407
164.866
165.36
164.866
166.811
165.924
167.06
166.368
166.47
168.332
167.138
165.503
165.852
165.988
166.056
165.586
165.801
166.175
166.879
167.037
166.075
168.516
166.483
167.137
167.883
166.547
166.449
166.909
166.089
168.134
167.012
166.632
166.976
170.508
168.076
166.449
167.613
168.642
168.763
166.855
166.401
169.035
166.88
166.808
167.612
168.481
168.53
167.517
167.312
168.393
169.079
170.206
167.641
168.175
167.921
168.64
168.754
169.241
168.161
168.473
168.508
168.314
168.055
169.679
168.99
168.698
169.949
169.572
168.339
169.103
168.559
168.766
168.87
171.045
168.575
172.222
170.915
169.253
169.391
168.607
170.602
170.328
170.516
171.666
168.942
169.605
169.68
170.756
171.524
169.74
169.829
171.765
170.155
169.47
171.83
171.741
170.448
169.86
170.059
170.618
170.107
170.125
170.012
173.696
170.688
171.066
170.208
170.045
170.765
170.528
171.536
172.653
170.85
171.289
173.495
170.639
170.477
170.534
171.06
171.268
172.689
172.285
171.854
174.118
173.743
174.203
174.044
172.612
173.789
171.724
172.342
173.416
172.983
173.365
174.674
174.275
173.273
172.639
173.718
172.796
173.597
173.333
172.987
171.858
172.555
173.257
172.692
172.635
172.664
172.635
173.207
172.376
172.779
174.149
174.073
175.429
174.135
173.142
173.402
174.162
174.095
176.084
176.008
173.738
174.481
173.601
176.075
176.086
174.361
174.121
174.766
174.416
175.925
175.747
175.084
175.833
175.747
174.914
175.507
175.158
176.331
178.208
175.072
175.412
174.992
175.44
176.653
174.957
174.897
175.08
177.229
176.242
176.881
177.593
177.398
176.065
176.663
176.784
176.123
175.809
176.855
179.5
176.055
176.632
175.93
179.309
177.034
177.422
176.087
175.902
177.758
179.763
178.826
179.739
177.245
178.726
177.238
177.147
178.35
176.663
176.964
181.007
179.529
178.382
177.934
177.13
180.692
177.943
177.839
177.513
177.67
178.335
178.826
177.778
178.145
180.91
178.263
180.289
178.564
178.371
178.337
179.753
178.584
179.009
179.291
179.773
178.618
179.392
178.447
181.233
179.451
178.721
178.719
179.056
180.437
179.568
182.517
179.93
180.661
181.09
179.466
179.564
180.01
180.402
179.639
181.17
179.658
182.989
179.708
180.564
183.687
180.403
180.647
180.2
181.689
181.476
179.77
180.563
181.545
182.443
181.441
180.054
180.804
184.274
180.547
181.619
180.605
182.132
181.3
180.862
181.59
184.151
181.495
181.729
184.494
182.731
184.018
182.701
182.964
184.65
182.391
182.393
183.212
184.092
182.661
183.457
182.561
182.849
183.173
185.751
185.724
184.268
182.64
182.945
184.464
184.459
183.876
183.742
185.167
184.184
184.437
187.061
183.396
183.597
184.035
183.864
184.408
183.252
183.616
183.76
184.224
185.146
183.928
185.54
184.674
183.928
185.577
184.144
186.208
185.947
184.719
184.654
184.144
184.941
187.337
185.946
185.144
185.017
186.973
185.43
185.136
185.174
185.827
185.951
185.741
184.887
187.313
185.624
186.496
188.742
186.153
185.844
185.82
185.247
185.331
187.297
187.484
186.464
185.622
185.439
186.23
186.468
185.787
186.211
185.909
186.062
187.044
187.247
186.741
189.372
186.716
187.747
186.733
186.23
187.495
186.789
186.733
186.843
188.766
187.502
187.781
188.402
189.307
189.069
188.012
187.973
187.859
187.499
187.269
187.517
188.45
191.015
187.576
188.253
189.424
190.034
187.704
190.176
189.671
188.909
190.88
190.323
189.337
190.768
188.927
190.343
189.643
192.712
188.962
189.739
188.891
189.371
189.412
191.091
191.12
188.34
192.324
192.052
188.795
189.742
188.953
188.834
191.645
191.141
191.117
190.349
190.564
190.916
189.96
190.557
189.801
190.29
189.499
190.596
189.539
191.863
190.284
190.522
191.165
192.763
191.685
192.053
190.779
190.689
191.918
191.901
191.677
190.474
191.042
192.589
192.027
192.497
193.476
191.299
192.334
192.047
191.596
191.94
191.361
191.966
193.693
191.994
192.639
191.72
192.075
191.481
193.683
193.022
192.171
195.333
193.582
192.852
195.91
192.9
193.662
192.758
195.819
194.034
193.165
193.509
193.239
195.868
194.489
193.562
194.002
192.847
194.024
194.053
195.614
194.691
193.416
193.87
194.336
194.658
195.55
194.08
196.915
193.687
194.269
195.189
194.868
194.682
197.401
196.989
196.047
194.473
195.668
194.601
194.44
194.502
196.135
196.894
196.614
195.151
195.509
196.282
194.766
197.513
195.406
196.51
195.978
196.716
195.237
197.217
195.589
197.273
195.785
197.9
196.274
197.212
195.94
195.81
198.464
196.195
195.797
195.98
196.523
197.165
196.577
196.821
196.807
196.444
198.178
197.388
199.966
197.656
197.04
197.52
197.816
196.897
197.461
198.937
199.141
197.712
198.004
198.016
197.83
198.869
197.815
203.019
197.379
197.451
197.673
199.694
197.523
199.665
197.747
199.532
197.99
198.512
198.538
198.906
198.543
199.9
199.489
198.209
198.491
199.6
202.719
198.444
199.569
200.833
200.583
199.374
199.989
199.469
200.648
199.213
199.153
202.536
199.233
203.774
200.143
199.192
199.758
199.673
199.713
200.757
199.422
199.393
200.139
199.281
200.112
200.61
201.003
201.149
202.036
203.621
200.934
200.266
200.24
200.731
203.196
201.917
200.677
200.592
200.29
200.479
200.296
201.299
200.148
200.976
201.924
201.576
202.04
203.62
201.407
202.135
202.51
201.478
201.682
202.557
202.161
201.578
201.304
201.733
201.12
202.201
203.583
203.388
204.025
201.967
204.079
202.62
206.054
202.206
202.887
205.418
202.111
202.909
202.67
202.76
202.069
202.222
203.855
203.19
203.001
203.118
204.035
203.475
203.895
203.883
203.102
202.908
205.309
205.656
206.474
206.362
204.287
203.886
205.605
205.129
203.565
205.455
203.958
206.103
207.86
204.227
204.405
204.463
204.668
205.154
204.387
205.52
205.371
206.982
205.51
205.358
205.598
204.371
204.798
205.423
206.834
206.072
206.702
207.488
207.076
205.867
205.75
206.96
207.014
206.2
206.594
207.056
206.757
206.847
209.1
206.12
207.114
207.638
206.272
209.043
206.93
206.866
206.81
206.961
211.359
207.122
207.415
207.979
207.881
207.809
209.056
207.275
208.119
207.593
207.227
207.401
208.111
207.747
209.966
208.624
207.593
209.215
207.903
209.664
208.353
209.14
208.885
207.823
208.6
209.137
210.823
210.588
208.357
208.666
208.85
211.967
209.414
210.542
211.39
209.926
209.487
209.36
209.883
211.34
210.221
208.986
210.134
210.339
209.96
209.507
210.537
209.32
209.838
209.703
209.989
209.471
211.162
209.565
212.45
209.32
209.435
210.09
209.694
213.162
212.584
211.136
215.427
210.224
209.722
211.068
212.361
211.046
210.776
210.049
212.233
211.836
210.515
212.725
210.528
210.215
214.458
211.347
210.825
211.846
213.262
211.02
212.159
212.126
212.165
212.687
213.495
213.756
212.921
212.017
215.223
212.631
214.091
212.703
211.957
212.159
215.354
213.238
212.703
212.782
213.007
212.395
212.66
214.153
213.361
213.108
213.293
212.896
213.785
212.916
213.271
214.764
214.211
213.907
214.029
214.203
214.015
214.778
213.622
215.908
215.421
214.219
214.318
214.614
214.368
215.515
216.342
214.319
215.15
214.028
214.3
214.211
215.144
214.656
214.409
217.231
215.5
214.948
215.45
215.994
214.92
218.771
218.036
216.445
215.538
215.334
215.002
216.683
215.961
215.321
215.732
215.563
215.881
217.47
217.858
215.44
216.569
216.361
216.036
215.828
216.043
216.225
217.734
216.185
217.507
216.107
219.504
219.928
217.482
219.842
218.468
216.839
217.673
219.479
216.644
217.113
216.983
218.841
216.545
217.813
217.49
219.522
220.149
217.77
217.585
219.021
220.862
218.957
220.69
218.015
218.598
220.72
217.908
217.855
219.738
219.569
218.951
218.069
218.128
218.116
222.035
220.574
219.446
218.095
218.921
219.351
221.589
219.74
219.509
220.566
219.31
218.767
221.782
219.691
219.845
220.258
219.702
220.204
219.924
222.719
221.222
219.822
220.193
220.271
220.715
221.782
220.541
222.072
220.253
220.967
221.857
221.936
221.126
220.376
224.089
221.824
220.859
222.817
223.397
224.532
223.471
222.36
221.586
222.321
222.88
223.045
225.067
221.963
222.428
223.37
221.815
222.095
223.368
222.348
222.246
222.046
223.086
222.864
222.267
222.881
222.883
222.849
222.943
225.358
223.618
226.915
224.375
224.097
223.258
222.728
223.082
222.958
226.055
223.906
223.697
224.584
223.856
224.151
224.495
225.291
223.62
223.605
224.667
223.817
224.761
224.448
225.277
225.841
223.648
225.537
223.962
224.713
225.926
224.121
224.401
224.121
224.953
225.38
226.733
225.579
225.814
225.724
226.04
225.623
226.003
227.201
225.115
224.98
226.204
225.746
226.183
225.211
224.857
225.246
226.883
225.762
227.408
226.335
229.576
226.102
226.592
225.612
226.212
226.489
226.489
227.235
227.029
229.207
227.266
227.35
226.571
227.846
229.037
228.972
226.295
227.843
227.558
226.499
226.583
227.008
230.55
226.923
226.583
227.151
227.566
228.837
227.125
228.059
227.82
226.871
229.913
227.746
228.661
229.557
227.293
227.759
229.241
229.673
228.894
229.703
228.648
229.499
230.464
228.879
228.166
229.384
231.213
228.802
228.71
228.707
231.859
228.735
231.569
229.384
229.366
229.296
229.555
229.472
231.771
230.04
229.546
229.692
231.047
230.267
229.675
229.743
231.683
230.943
230.078
230.415
231.819
230.405
229.806
230.174
230.806
230.1
230.459
229.913
231.167
230.579
230.205
231.889
230.732
231.266
230.837
231.51
232.822
231.715
232.243
230.915
232.771
232.607
231.596
232.163
234.046
234.608
232.617
232.8
231.474
232.059
231.746
233.425
235.331
234.941
232.073
235.707
234.162
232.91
232.427
232.277
232.899
233.124
232.526
232.814
233.164
232.529
232.851
233.152
234.91
234.788
234.237
235.182
235.122
232.913
233.143
233.245
233.16
234.698
234.89
234.683
233.165
234.328
236.955
239.3
234.547
234.406
235.215
234.086
233.92
236.604
234.705
235.045
234.146
234.615
235.875
235.079
236.762
235.57
235.071
235.215
234.503
237.098
234.981
235.912
235.092
235.044
236.534
235.503
237.104
236.016
236.642
236.027
237.072
235.517
236.078
235.359
238.233
235.934
235.975
235.958
237.608
236.418
236.691
237.411
239.055
239.072
240.942
236.584
238.297
239.8
237.517
236.711
238.045
237.699
237.86
238.405
237.609
237.358
237.402
238.305
237.858
238.519
238.252
238.308
238.931
238.644
239.277
237.788
237.603
239.299
238.838
240.229
239.558
237.935
237.804
239.605
237.804
238.416
238.164
238.414
238.479
240.3
239.013
240.168
239.352
239.405
241.36
238.928
239.13
242.436
238.668
239.174
240.108
241.034
240.023
241.542
240.552
238.991
239.774
240.203
240.171
239.473
239.739
239.856
239.531
241.21
242.416
242.59
242.949
241.615
241.677
242.444
240.937
240.73
240.643
244.24
240.721
242.008
240.446
240.942
241.561
241.126
241.48
241.174
241.027
240.682
244.211
241.666
242.293
240.887
241.222
243.798
241.296
241.641
242.787
241.635
242.352
242.505
241.939
241.323
241.723
242.691
242.703
241.2
245.003
241.545
241.954
243.12
244.486
242.457
244.01
243.899
242.35
245.532
242.713
242.96
242.319
242.36
242.552
245.449
245.319
244.47
242.696
244.034
243.373
245.697
243.879
243.012
243.62
245.678
244.62
246.706
243.668
243.885
245.104
244.038
247.268
243.703
245.385
245.53
244.255
245.922
244.134
245.637
246.264
247.493
246.385
245.877
245.609
247.033
246.913
245.243
245.296
245.71
247.132
247.3
245.994
247.323
246.507
245.914
246.316
246.865
246.851
246.968
245.778
245.918
246.285
246.363
245.971
246.421
246.876
246.77
246.34
247.223
247.814
247.155
247.96
247.277
247.355
247.027
249.443
246.896
247.443
246.841
248.908
250.742
249.55
250.223
248.074
249.476
248.285
248.647
250.357
251.654
248.515
248.687
249.746
249.885
248.54
251.45
248.628
249.198
249.539
248.162
250.46
251.711
249.27
248.306
249.046
250.431
250.225
249.566
249.847
249.313
249.68
249.832
249.34
249.855
249.48
250.243
249.764
249.971
251.135
250.061
251.857
252.081
253.316
250.295
250.152
250.561
250.373
250.464
251.183
250.715
251.478
250.784
251.56
250.84
250.815
250.464
251.109
250.98
251.093
251.267
251.106
254.417
250.8
251.136
251.73
253.902
252.931
252.305
253.172
251.978
251.615
254.252
252.368
255.059
252.386
251.615
251.673
255.696
253.323
251.903
255.842
252.74
252.334
255.769
253.064
254.695
252.047
253.408
253.396
254.326
254.693
254.275
254.198
253.796
255.471
253.527
255.504
253.781
255.024
253.802
253.437
254.623
254.66
254.843
256.936
254.889
254.805
253.652
255.082
254.092
254.764
256.113
256.58
255.483
256.328
255.279
257.28
256.567
258.123
255.629
255.14
255.329
256.477
257.777
256.15
258.175
256.023
256.358
256.34
255.993
256.754
256.696
256.593
256.363
256.918
255.571
256.106
256.882
257.321
257.315
258.027
257.485
258.255
256.868
256.374
257.754
258.345
257.266
260.547
258.871
257.316
260.66
258.727
259.842
259.513
258.126
257.255
260.783
258.784
257.945
258.993
260.465
259.109
259.559
257.991
258.513
259.97
259.249
257.873
260.285
258.771
259.166
259.832
258.687
258.647
260.244
262.454
258.883
260.074
258.776
259.803
261.501
260.088
259.506
260.659
259.717
260.041
259.096
259.569
259.533
261.177
259.24
259.911
259.822
260.177
262.688
260.829
260.279
261.513
262.652
260.791
262.486
261.643
260.49
263.376
260.144
262.615
260.743
261.664
261.408
261.485
261.296
262.517
261.587
262.22
261.038
261.451
262.397
263.903
261.982
262.327
261.56
262.811
261.439
262.808
261.719
264.212
263.51
262.21
262.286
262.916
263.829
262.041
262.616
262.117
264.336
263.859
263.933
263.139
263.151
265.174
263.412
264.731
265.553
266.326
264.69
267.229
263.948
264.345
264.202
266.747
265.257
263.412
264.275
263.987
265.363
266.797
264.959
263.757
266.544
263.967
264.35
265.687
266.452
265.989
265.755
264.495
264.505
265.244
265.711
264.975
264.798
268.153
265.99
265.545
265.266
266.671
265.56
266.139
265.669
265.714
265.937
268.061
267.043
265.958
265.852
266.968
267.876
265.714
269.223
267.827
266.442
266.179
267.098
269.598
266.924
267.593
267.697
269.224
267.064
270.418
269.886
269.158
266.404
267.624
270.754
266.793
267.512
268.526
267.522
267.916
270.236
267.742
271.178
267.692
268.946
267.92
269.386
269.64
268.948
268.438
267.859
268.362
268.123
269.246
268.706
269.884
271.557
269.806
269.358
270.309
270.048
270.946
270.367
269.446
270.784
269.212
270.618
269.646
269.202
271.696
269.92
269.81
270.555
271.618
269.31
272.595
270.273
271.688
272.057
270.901
271.185
272.874
271.236
273.204
272.14
271.526
272.206
271.22
272.617
271.324
271.756
272.33
271.037
272.464
271.381
271.483
272.372
271.645
271.78
271.571
273.298
272.559
275.669
272.847
272.269
272.684
273.017
272.848
272.044
272.497
272.537
273.599
274.273
272.516
274.56
274.988
275.8
272.856
273.321
274.697
274.505
272.825
273.828
275.153
273.471
273.105
275.489
274.846
274.501
273.832
275.438
273.051
273.266
273.779
274.058
273.674
274.988
274.032
275.91
276.093
275.503
273.564
273.925
275.389
275.238
273.712
276.773
275.601
275.846
275.629
274.87
274.581
274.685
276.599
277.212
274.804
275.85
276.346
275.716
278.38
275.448
275.352
275.836
276.816
276.079
275.209
275.137
275.757
277.056
276.499
275.773
277.124
275.784
277.295
277.076
276.629
276.734
275.939
276.84
277.289
279.842
276.49
278.234
276.758
277.519
277.046
278.503
278.366
278.95
277.331
277.203
277.938
278.18
277.431
279.448
277.007
278.472
281.149
277.907
277.737
277.483
277.582
278.735
279.161
280.137
280.224
278.606
278.907
278.189
278.843
279.061
279.425
281.054
281.284
278.905
278.853
278.517
281.088
279.304
279.644
278.816
279.292
280.157
278.987
280.998
279.716
280.105
281.651
280.217
282.031
279.72
280.829
281.031
280.825
280.392
280.417
280.201
281.572
280.375
280.97
282.52
280.798
280.571
280.654
280.505
281.4
282.262
283.052
283.402
282.09
281.568
282.708
281.038
281.566
281.833
283.37
280.979
281.147
280.848
283.49
283.038
284.47
284.468
283.343
281.58
283.816
282.51
285.06
283.688
283.215
283.132
285.335
282.821
287.298
284.879
285.731
283.923
283.577
282.705
283.624
284.002
284.709
283.751
284.647
283.603
283.942
284.122
284.379
284.812
283.524
284.166
286.373
286.418
286.015
284.183
285.337
284.932
286.821
287.115
284.526
284.662
285.562
285.862
286.46
285.3
287.426
287.502
285.375
285.336
289.182
286.08
288.442
286.528
286.24
287.803
289.096
287.434
286.67
285.912
287.222
286.526
287.987
287.577
286.655
288.747
286.959
287.259
288.02
287.551
286.496
287.283
289.805
288.941
287.248
286.766
286.718
287.951
288.932
288.594
287.672
289.955
288.506
288.869
287.689
287.677
288.688
288.682
288.579
288.814
289.396
289.235
289.897
290.14
289.434
289.005
289.425
288.48
289.25
289.048
289.628
291.378
291.272
289.551
290.412
291.37
290.492
290.177
290.129
289.862
290.002
291.112
290.654
290.458
291.559
291.094
291.271
291.14
291.408
291.857
290.602
291.726
291.924
291.659
291.717
292.291
292.242
292.481
292.851
293.299
293.405
293.608
