3.281
3.217
1.82
3.112
7.816
4.648
1.037
8.123
1.93
9.176
4.401
3.355
3.112
2.475
2.73
4.15
7.352
2.075
6.336
2.095
1.842
5.932
1.549
3.605
6.674
8.622
4.467
2.095
5.675
3.913
4.95
1.439
3.913
5.305
1.287
6.561
3.751
2.458
3.112
2.73
2.32
4.745
6.863
5.733
8.765
2.32
6.839
6.965
0.91
2.191
3.751
3.685
8
2.32
2.095
1.549
1.549
8.148
3.839
2.73
4.823
3.112
4.494
2.573
5.459
4.277
3.871
2.877
3.368
3.74
3.913
4.823
4.549
3.685
2.573
5.826
2.458
2.714
5.29
4.008
6.466
2.32
1.287
3.099
3.368
4.008
2.877
8.521
2.32
5.375
2.095
4.008
1.037
3.217
1.678
2.714
4.648
3.751
2.73
2.475
5.459
2.834
3.913
5.587
3.86
8.123
2.962
1.221
1.549
3.871
4.248
9.921
1.439
1.93
2.32
5.429
1.93
4.745
7.118
1.842
7.001
1.287
3.512
4.277
6.336
1.287
2.834
1.037
2.877
2.573
5.025
2.475
2.834
1.467
1.549
1.678
3.059
1.549
4.12
5.534
2.32
3.751
2.934
6.574
4.089
4.12
1.439
2.373
1.037
2.075
4.549
3.559
4.789
5.459
6.839
3.559
3.099
2.573
5.653
1.678
6.049
8.584
5.187
1.93
2.191
2.653
4.12
1.678
1.439
2.73
3.112
5.352
4.401
3.099
1.221
1.287
4.12
4.917
4.763
1.678
2.247
7.193
2.458
2.075
6.959
2.73
2.458
3.685
1.678
2.714
3.913
2.73
1.628
3.559
5.987
1.93
5.187
5.675
7.552
7.853
2.32
1.82
1.549
1.842
3.112
5.187
2.095
1.037
1.439
1.82
1.93
4.277
3.368
3.355
1.549
6.224
1.93
5.79
7.262
2.834
3.605
4.089
8.521
4.089
4.008
1.439
2.714
1.439
4.719
2.475
1.93
2.32
3.368
5.429
2.32
4.549
5.733
4.189
2.075
5.587
3.059
6.863
4.382
5.587
4.917
1.037
1.037
2.73
1.186
1.549
2.191
1.439
5.587
8.184
3.217
2.834
1.439
2.458
5.987
1.439
1.467
2.191
1.287
2.573
6.863
3.605
6.466
5.29
6.965
5.826
4.089
2.458
2.075
2.095
3.368
5.033
6.561
3.559
4.467
5.305
3.217
3.751
4.382
1.549
3.639
1.037
2.095
2.32
2.573
8.108
7.425
4.277
1.439
3.099
3.355
2.095
1.221
2.73
2.475
2.373
2.247
2.73
3.217
4.12
1.842
4.089
1.439
1.549
8.637
6.839
2.458
2.095
1.549
3.281
0.814
4.382
3.004
4.382
10.646
1.93
5.675
1.93
2.714
2.73
2.573
2.714
1.467
3.217
4.719
3.639
1.93
8.521
3.751
1.549
1.439
2.877
1.439
6.466
1.75
4.549
4.823
3.685
0.814
4.008
8.102
2.458
9.319
5.429
1.439
3.099
1.842
3.639
1.221
9.085
8.389
1.82
4.401
2.32
2.458
2.934
2.458
3.004
1.037
1.287
1.678
1.439
6.674
2.877
6.821
4.549
1.842
7.677
1.842
2.075
3.512
7.147
4.15
1.037
6.772
5.754
6.008
4.354
3.004
2.441
3.281
2.095
5.932
1.75
2.32
2.035
1.678
1.439
2.095
5.904
8.656
3.639
4.789
1.037
7.216
1.93
1.287
3.512
3.004
5.932
1.287
2.191
1.287
3.639
2.191
1.93
4.648
2.877
5.668
5.534
8
3.099
3.751
2.962
0.91
5.932
2.475
4.401
6.965
3.751
3.281
1.93
2.962
1.93
3.281
3.685
1.439
3.86
6.674
1.549
5.932
5.29
3.74
5.587
6.917
4.089
2.714
3.871
6.567
2.32
3.281
1.549
2.475
2.714
1.037
2.475
2.191
4.12
2.834
6.917
3.281
2.877
6.772
6.772
4.277
3.784
2.247
2.834
3.839
4.008
1.549
1.467
8.751
2.075
7.336
3.368
3.112
2.714
3.86
5.932
1.678
8.423
1.678
1.549
7.552
2.73
1.287
1.221
5.187
2.32
6.574
5.375
9.03
1.628
2.458
1.221
2.653
4.008
3.997
1.287
2.458
2.191
1.678
2.095
3.477
2.73
8.123
1.037
5.459
2.247
1.037
4.504
3.639
2.095
7.596
7.618
3.997
5.733
6.369
3.86
8.622
2.458
2.095
3.512
5.375
7.369
1.439
3.368
3.465
3.477
2.191
8.239
6.863
1.037
1.628
8.54
6.158
3.512
1.93
2.458
2.32
2.653
2.441
3.477
5.025
2.962
5.534
4.549
5.406
1.287
2.075
1.287
4.008
3.559
2.475
3.368
1.037
2.191
3.605
2.573
4.316
2.095
7.397
1.287
3.004
2.73
1.549
9.787
2.373
1.93
5.123
4.504
5.79
1.93
4.95
6.211
2.191
1.549
1.82
0.91
5.406
4.967
3.512
8.025
4.354
1.549
5.29
10.892
6.567
3.355
4.648
1.678
3.605
1.678
8.708
2.373
1.439
2.191
1.221
5.932
4.789
1.221
1.467
5.904
7.369
1.221
1.842
4.089
2.035
2.247
1.93
7.001
4.504
4.925
1.439
1.037
1.842
5.534
2.32
1.439
2.191
4.719
4.008
3.839
1.037
6.151
3.281
6.389
1.93
2.573
6.151
7.375
0.91
4.189
3.86
6.224
7.72
2.934
1.439
7.774
2.191
2.962
5.187
1.93
5.534
2.191
3.477
1.037
4.277
4.277
3.639
9.499
1.549
2.834
2.653
4.189
1.549
3.751
1.549
5.025
0.91
1.439
1.842
1.287
3.685
1.93
1.037
3.112
4.648
2.573
0.814
1.93
1.549
4.189
8.189
5.711
6.839
1.678
3.112
6.929
1.93
1.628
2.095
3.512
1.549
1.287
1.549
2.834
3.099
6.523
3.217
2.475
4.189
1.678
6.211
2.075
2.962
2.191
3.217
5.123
1.037
1.678
4.15
4.823
1.037
5.826
1.842
7.958
1.287
4.189
7.118
1.628
4.549
1.287
4.12
1.93
3.639
3.004
2.373
1.678
3.355
8.501
4.12
1.037
6.389
1.467
8.061
1.93
2.035
1.439
3.639
1.678
1.842
1.037
1.037
4.549
2.653
1.037
2.834
6.224
4.823
4.382
6.07
1.82
3.605
1.93
3.112
1.287
5.123
5.305
6.643
3.477
6.07
1.037
1.037
7.747
2.877
7.007
4.648
1.842
2.573
2.653
7.916
2.834
3.685
4.719
1.93
3.059
1.439
1.678
3.112
2.075
2.573
3.368
7.916
2.095
2.075
5.587
4.189
7.397
2.095
3.839
3.997
7.901
1.467
2.32
1.287
1.037
1.287
1.037
4.549
3.913
0.814
3.281
3.281
1.439
3.512
1.287
2.32
5.033
2.458
3.751
0.814
1.842
5.033
4.248
4.648
1.221
2.962
1.287
7.994
2.191
2.73
4.248
5.527
4.008
3.217
7.618
5.534
4.392
2.247
2.475
2.573
2.573
3.751
1.287
1.678
3.512
4.189
2.32
5.375
2.441
2.075
2.32
6.717
3.112
2.834
5.497
4.967
2.73
5.534
2.095
1.678
2.075
2.095
5.754
3.112
1.037
5.868
5.025
4.392
1.93
7.481
1.842
1.93
6.317
10.05
1.287
1.93
5.098
1.678
1.93
4.277
2.877
1.93
0.814
5.406
8.826
1.678
4.789
7.007
1.628
2.653
1.439
7.901
6.574
2.191
4.823
2.247
8.244
3.512
2.247
1.439
8.304
4.684
1.549
2.877
2.475
2.458
7.481
6.07
8.184
1.549
6.772
1.037
3.605
5.733
1.549
1.93
3.368
3.751
1.93
4.95
4.248
1.93
2.458
3.281
4.189
7.336
2.475
4.925
10.918
1.221
5.932
2.848
4.823
3.281
4.504
7.916
2.73
3.74
4.277
1.287
1.287
3.099
1.678
1.678
2.095
3.217
2.373
3.86
1.037
2.573
3.477
2.73
4.917
1.287
6.959
3.751
7.193
3.512
2.373
8.284
3.217
3.217
2.075
4.277
1.842
3.281
2.714
2.458
1.75
2.653
6.574
5.587
1.221
3.913
1.549
2.095
1.93
2.573
1.221
1.75
1.037
2.714
5.733
2.475
1.678
2.32
1.842
8.521
3.913
5.557
8.299
8.708
1.678
1.678
5.033
6.491
2.191
4.763
1.678
2.877
4.549
5.675
1.93
2.247
3.477
1.93
1.221
1.678
2.475
4.648
1.439
2.191
3.913
4.639
3.605
2.714
3.368
1.439
3.512
1.678
1.549
1.93
2.934
9.176
3.86
1.549
7.645
9.194
2.73
1.439
2.834
1.93
1.549
2.191
6.317
1.678
4.12
4.549
1.037
1.93
8.622
1.439
2.73
2.095
7.958
1.678
2.714
4.95
4.648
3.217
1.287
1.287
4.823
5.675
1.037
2.653
1.549
0.814
3.751
1.93
4.12
8.239
2.035
3.099
2.714
2.962
2.834
4.008
8.138
4.189
1.678
1.037
1.549
0.814
1.439
3.112
6.049
1.549
1.93
2.834
3.913
2.877
1.439
4.316
8.622
1.549
7.596
4.917
3.784
3.685
2.73
4.823
3.099
1.287
3.281
7.216
2.075
1.842
5.932
6.211
5.826
3.685
5.826
3.004
2.475
7.425
1.287
6.839
2.962
2.573
2.73
1.82
4.639
1.842
1.287
2.475
3.281
3.099
2.573
2.32
8.77
2.962
1.287
2.32
4.549
4.069
7.747
4.639
2.095
2.075
2.32
2.73
2.475
1.439
2.191
6.211
1.287
4.248
1.93
6.336
2.191
1.287
1.549
1.287
6.008
1.678
1.439
6.097
4.494
6.008
2.035
1.221
1.678
2.247
5.187
1.842
6.717
3.784
4.684
4.316
1.439
6.151
2.877
1.82
4.917
2.247
7.375
2.095
3.86
3.639
1.439
3.281
3.86
4.316
3.751
3.512
2.834
6.389
6.772
2.191
3.281
3.74
1.287
1.549
3.368
1.439
1.678
1.628
1.037
2.934
3.004
2.653
2.653
2.573
6.863
2.441
8.138
5.375
1.439
5.668
1.287
2.32
6.839
2.653
8.389
1.628
4.763
1.842
3.099
1.549
2.32
3.512
4.189
1.93
2.573
2.475
1.842
3.784
2.191
1.628
1.842
0.91
4.823
4.467
6.574
3.099
2.653
3.281
4.277
4.467
6.178
3.477
7.958
3.004
4.089
1.549
5.904
6.959
2.934
8.555
6.965
4.891
2.075
2.035
2.035
6.178
2.458
2.877
2.653
2.653
1.221
4.089
2.653
6.735
2.573
1.549
3.751
2.475
3.059
1.549
6.284
0.814
2.73
2.035
2.877
1.439
1.439
7.618
4.189
6.523
8.882
2.075
1.678
5.826
7.747
2.075
6.917
3.5
2.714
9.672
4.189
5.123
2.247
4.789
1.221
6.466
2.32
2.573
1.467
6.317
2.075
1.82
4.189
3.281
3.112
3.112
3.74
6.491
2.962
1.842
8.304
7.596
1.287
2.714
1.75
2.191
2.32
6.561
2.32
3.913
3.605
2.32
4.248
1.287
5.932
4.12
1.549
2.877
1.037
6.336
1.287
3.751
2.73
4.763
1.678
4.069
6.434
11.566
1.037
1.93
2.714
5.187
1.549
1.628
2.191
7.994
3.368
6.117
6.104
3.217
0.91
1.842
1.549
4.639
1.628
1.82
2.834
2.191
1.628
3.355
4.745
4.917
4.277
5.187
1.037
5.711
1.439
2.191
5.459
3.368
7.937
5.826
6.917
1.287
1.93
7.901
4.549
1.549
3.512
3.913
1.221
3.751
1.287
7.901
1.93
2.834
2.32
8.148
6.735
1.549
3.112
1.439
1.439
1.628
2.714
6.049
7.007
1.221
1.467
1.439
2.73
3.512
1.549
4.277
4.401
4.823
5.187
1.628
1.93
1.037
2.73
1.82
1.439
0.91
5.819
2.475
1.678
1.549
2.247
1.439
2.877
2.247
2.653
2.573
4.401
9.372
7.001
2.475
2.191
1.75
5.711
0.814
3.839
9.766
4.549
1.678
1.678
4.316
1.439
9.564
5.29
1.467
3.512
1.678
2.247
5.675
3.512
3.512
1.82
1.82
1.678
7.024
1.93
5.653
5.429
3.913
5.587
3.217
6.158
2.075
3.112
5.557
2.32
2.475
1.678
4.684
8.379
2.191
3.74
7.958
3.913
1.439
1.037
3.639
2.32
2.458
4.401
5.025
3.997
5.187
5.187
1.549
1.287
5.187
2.247
4.12
2.247
2.32
4.277
7.503
8.423
10.103
3.099
2.834
2.573
1.037
3.099
4.189
1.439
1.82
7.336
1.549
4.95
6.491
1.037
3.355
3.099
3.099
2.32
1.93
3.368
2.075
1.467
1.93
1.549
8.584
3.281
7.853
2.834
2.73
7.279
2.373
2.573
6.772
2.573
3.099
6.839
1.439
3.512
1.287
5.534
3.217
1.93
8.184
8.379
6.863
5.925
2.075
4.549
1.549
2.075
4.008
5.925
1.678
3.913
1.628
7.285
1.287
1.037
1.678
3.281
6.097
3.839
3.099
3.281
5.29
5.653
4.95
1.678
2.191
8.938
3.86
2.075
5.733
5.429
1.439
1.037
1.439
1.287
3.112
4.089
0.814
2.653
4.549
2.32
3.281
3.512
1.549
2.573
11.254
4.15
1.93
0.91
4.382
4.325
4.967
1.82
3.639
1.678
2.834
3.512
2.035
3.913
1.678
2.458
3.112
1.678
3.685
2.075
7.645
1.037
3.112
1.549
1.628
1.439
5.826
3.368
2.714
3.465
5.29
4.008
1.842
4.008
1.037
3.997
9.03
7.677
2.934
2.095
3.281
3.913
3.871
1.037
2.834
3.86
2.877
3.112
2.475
1.287
1.93
1.287
2.877
6.929
3.512
1.93
3.685
4.277
1.287
2.653
3.512
3.217
6.049
2.373
1.287
1.037
4.719
2.247
9.909
4.789
1.842
3.86
1.93
5.459
3.74
3.281
2.247
4.089
6.574
9.53
1.037
1.549
1.439
2.373
1.287
11.114
8.864
3.639
3.559
7.118
5.025
2.458
4.15
2.653
7.747
1.287
1.82
7.106
1.439
5.187
1.549
1.549
4.277
7.024
1.842
3.368
1.75
1.93
7.216
5.527
1.549
1.287
2.73
3.112
7.552
1.439
1.549
3.217
0.91
7.827
5.932
3.217
3.368
1.82
8
1.678
6.965
1.549
2.834
1.037
2.075
2.32
2.095
0.91
3.217
3.477
1.467
7.369
8.708
1.439
5.987
2.32
2.714
4.316
2.191
1.439
3.512
1.678
1.93
2.095
1.287
1.439
9.512
3.477
4.549
3.355
3.355
1.75
7.853
7.596
1.93
1.842
7.645
1.221
3.477
2.32
1.186
2.32
6.211
2.962
5.697
8.102
4.504
4.089
1.842
2.075
1.93
2.573
9.425
1.549
2.714
1.439
8.304
1.82
5.587
4.15
2.573
3.685
5.987
5.587
1.439
1.439
2.458
2.834
3.355
1.842
2.934
2.095
2.458
2.475
6.821
2.035
1.186
9.499
7.853
6.389
1.439
1.037
6.735
3.217
1.287
1.678
2.191
3.368
0.91
1.037
4.823
1.287
2.095
2.73
2.32
6.049
3.099
3.099
1.549
5.868
2.32
2.075
4.12
3.004
3.099
3.059
1.439
2.714
4.789
3.871
3.605
7.72
5.187
1.842
1.678
1.549
2.191
1.037
5.932
3.685
4.316
6.466
1.221
6.839
1.842
1.549
2.191
0.91
3.913
2.877
7.72
5.09
3.86
5.587
4.719
5.187
2.475
8.143
1.678
1.549
1.287
3.004
2.247
1.287
6.523
3.477
4.008
4.917
1.287
3.997
3.751
3.512
4.745
5.653
4.008
3.099
4.504
3.871
5.098
1.678
5.587
5.406
1.549
4.763
1.439
2.573
1.82
3.784
4.401
4.15
3.639
4.494
1.439
2.075
2.73
3.099
2.095
2.962
4.12
2.962
5.534
5.868
1.439
2.247
6.466
2.573
1.549
2.475
8.015
1.678
3.477
6.791
1.037
2.191
3.004
2.075
6.07
6.211
3.368
4.12
5.375
2.32
9.279
9.279
1.549
1.221
8.462
8.632
5.653
1.549
5.987
3.74
4.789
5.25
1.678
3.004
1.678
2.962
4.648
2.573
4.823
2.191
4.684
5.29
4.549
3.512
1.439
2.035
4.504
2.605
3.751
1.678
2.075
3.004
7.118
2.191
5.932
2.475
2.73
3.112
2.934
1.678
10.473
3.512
2.475
5.557
3.217
1.287
1.549
2.075
5.147
2.714
2.458
3.913
1.678
3.751
2.373
1.467
2.373
3.217
3.639
3.355
4.12
3.099
1.549
4.648
1.678
1.678
3.685
3.751
1.678
8.304
1.221
3.217
7.397
2.877
1.678
1.439
2.035
4.008
2.962
1.037
3.86
5.187
3.178
1.93
5.987
8.244
4.189
2.653
3.217
5.187
6.097
2.848
2.441
1.842
5.098
4.392
1.93
6.336
4.189
3.099
3.784
8.933
1.287
1.549
1.82
3.004
2.075
1.287
4.248
5.79
3.605
2.573
6.821
1.037
1.186
5.653
5.123
2.191
2.714
4.467
5.826
3.5
7.645
1.93
5.826
1.549
3.281
7.552
4.189
2.653
4.95
4.719
4.95
5.711
3.512
6.369
5.429
1.549
3.217
2.73
2.458
2.834
0.814
5.033
3.004
3.913
8.102
2.653
6.466
3.997
1.037
1.439
5.147
4.392
3.099
4.12
1.678
6.178
1.037
5.147
3.059
3.913
2.32
5.497
2.877
7.677
3.059
2.373
1.037
2.32
2.075
1.842
8.784
1.842
1.287
5.187
1.842
2.373
9.368
1.037
7.596
1.678
2.075
3.913
2.32
2.32
7.853
7.979
1.678
2.573
2.095
4.648
1.439
3.099
1.678
1.549
4.008
1.678
2.32
7.245
2.573
3.112
4.639
3.281
1.287
6.369
8.637
2.573
1.678
4.12
2.714
2.605
3.059
3.004
7.118
6.284
1.287
2.32
3.112
4.745
4.382
2.32
3.871
2.075
7.077
8.299
7.193
5.675
1.93
2.962
2.191
2.962
1.287
5.098
1.221
2.653
1.549
3.685
3.512
3.355
2.458
3.099
6.369
1.467
5.406
1.287
2.191
4.008
2.573
1.678
4.382
1.037
4.401
5.29
4.917
3.368
3.913
1.93
12.194
3.685
3.281
2.035
6.466
7.336
6.284
7.369
4.891
1.549
1.037
2.877
2.714
2.73
3.751
1.842
3.059
1.93
1.037
1.037
1.439
2.075
1.439
1.439
2.848
3.099
2.191
1.287
11.638
4.392
2.573
1.93
1.287
3.477
5.668
2.035
2.573
2.475
1.628
2.373
1.221
2.653
4.354
1.439
2.458
1.037
1.037
1.75
5.29
1.549
11.106
3.913
2.191
2.714
4.763
3.368
3.74
2.573
2.573
3.281
4.316
5.932
3.839
6.211
4.648
0.814
2.73
1.82
5.429
5.826
2.475
6.624
2.714
2.934
3.913
2.573
3.112
3.217
4.089
4.549
2.247
7.193
3.913
1.287
3.355
2.095
3.281
2.373
1.678
2.191
1.678
7.216
2.714
6.561
7.024
1.186
1.439
1.842
2.653
1.678
1.037
1.439
3.217
3.368
6.561
3.477
2.32
4.823
1.037
3.281
3.004
2.573
2.573
2.191
4.467
6.567
3.913
2.877
3.913
1.287
4.549
2.573
2.095
7.958
7.481
1.842
4.15
2.714
1.628
6.839
2.877
8.403
2.73
2.32
6.742
5.497
1.549
2.075
4.891
3.913
2.73
1.439
4.12
3.112
1.221
2.458
4.719
9.144
4.917
5.826
4.639
4.189
2.475
4.648
2.191
9.491
5.587
2.475
1.678
1.842
1.439
2.247
2.475
1.221
7.336
5.29
2.32
2.32
1.037
7.859
1.439
2.934
2.714
3.355
5.375
2.32
4.504
1.439
1.678
1.037
4.467
1.549
1.93
6.356
4.382
6.491
7.47
1.82
2.962
3.355
6.284
1.186
2.962
3.465
2.877
6.317
1.037
2.191
2.095
1.287
3.662
8.864
2.605
1.82
3.281
1.037
2.962
1.93
1.037
2.32
1.842
2.475
3.559
3.913
6.211
2.834
8.304
1.439
3.605
6.158
1.678
4.277
1.93
3.639
3.368
2.247
2.075
1.842
5.459
3.913
1.93
1.037
2.32
3.004
2.095
1.82
4.823
1.93
1.037
2.191
5.932
1.93
5.352
7.336
1.287
1.93
4.917
3.355
1.82
3.099
2.247
3.997
1.93
2.035
4.15
1.93
1.842
2.653
6.07
4.089
7.618
5.534
2.075
1.287
8.184
2.73
5.653
3.355
2.573
2.373
1.82
2.191
6.317
4.917
2.075
1.93
5.534
7.859
1.678
6.117
2.075
1.82
3.639
11.716
1.439
8
2.247
1.439
1.287
1.82
2.035
7.596
2.095
2.73
12.214
6.284
2.035
1.037
2.714
1.037
2.32
5.675
4.277
1.678
1.439
2.373
1.678
8.389
7.481
5.033
5.406
1.287
3.004
1.439
2.32
1.93
3.913
1.037
3.355
1.678
2.653
1.287
3.751
4.639
2.475
2.73
4.917
2.191
0.814
3.839
2.247
3.559
2.075
1.93
5.932
7.661
1.549
2.475
3.368
8.015
1.628
2.373
1.678
3.639
3.86
1.037
4.089
3.281
1.439
1.82
2.573
3.004
4.316
6.917
2.035
2.73
2.573
1.82
4.15
1.439
1.678
4.392
1.549
2.191
2.962
5.025
2.475
2.075
4.719
3.477
3.368
2.458
7.285
3.217
2.962
1.037
1.549
2.962
2.877
3.839
2.653
6.839
4.745
3.112
2.191
1.439
6.959
3.217
1.549
7.602
6.284
4.316
3.685
8.54
1.842
3.368
4.15
3.004
3.639
2.191
3.685
13.841
1.93
3.112
2.32
5.534
4.189
1.439
7.645
9.564
3.86
1.678
3.281
1.549
1.439
1.842
1.439
5.79
1.549
1.287
2.475
0.91
2.834
4.277
1.842
2.877
2.075
1.75
6.574
6.491
6.624
2.075
6.643
3.465
1.678
2.475
2.962
2.573
3.784
2.573
3.355
7.747
1.287
4.549
1.439
2.095
7.024
2.73
1.678
4.15
2.573
1.82
0.91
2.458
1.93
1.439
6.466
1.678
2.075
1.678
7.677
5.375
4.277
3.477
2.095
2.475
1.439
2.095
5.932
3.86
1.549
1.186
2.73
5.868
1.93
2.834
2.458
6.211
1.037
4.745
4.401
2.32
2.714
1.287
3.477
5.025
7.118
5.033
6.965
3.368
4.719
6.674
4.467
2.962
2.714
6.224
1.439
3.004
1.037
4.967
4.12
2.191
2.834
2.247
1.75
5.534
5.534
3.86
8.656
1.678
1.93
7.007
5.932
2.32
4.95
2.934
2.962
4.277
5.459
2.247
1.628
1.439
6.624
2.075
4.648
3.355
5.025
1.186
6.821
1.287
2.191
3.639
3.217
3.112
1.678
2.095
3.997
4.719
4.12
1.628
1.678
7.747
1.287
1.678
2.458
2.095
3.112
1.287
4.277
2.475
1.82
2.32
8.189
2.32
2.32
6.953
4.917
1.678
1.186
8.304
1.842
4.917
2.962
2.962
1.678
2.934
1.439
1.82
8.555
5.459
8.244
6.178
8.737
3.86
1.037
2.573
2.075
2.32
3.913
3.477
3.217
1.842
2.877
1.678
5.868
3.74
2.32
1.037
3.217
1.678
1.842
2.475
3.477
2.373
4.549
4.763
2.191
6.434
8.299
4.789
6.284
2.877
4.549
2.191
3.639
1.549
3.751
2.247
2.653
3.099
0.91
2.373
7.106
2.573
3.639
1.549
2.191
4.12
7.552
4.15
2.573
1.221
3.281
3.913
5.904
3.913
3.913
1.678
5.147
8
1.439
1.82
1.037
2.653
6.151
5.826
1.221
2.458
5.025
9.297
8.555
2.32
7.901
4.248
5.534
1.549
1.037
1.037
1.549
5.868
1.439
2.191
2.458
5.459
3.559
6.624
2.247
4.392
2.32
5.406
2.32
3.217
4.382
3.605
2.73
4.684
4.401
1.678
2.475
7.106
1.287
3.86
3.913
4.316
1.287
4.277
2.095
2.075
2.573
2.573
4.382
2.095
7.007
1.287
4.823
4.008
5.826
3.355
6.742
8.938
2.191
1.037
3.913
7.747
4.277
1.439
3.217
2.191
7.193
1.467
3.751
6.491
3.368
2.095
5.025
6.711
1.549
1.439
7.859
1.221
1.93
5.375
2.373
3.099
5.819
4.248
3.913
5.033
3.368
4.12
3.685
3.112
2.714
7.007
2.653
10.173
3.751
1.93
5.534
4.316
2.848
3.355
11.073
8.656
5.497
2.877
2.962
2.73
6.049
2.095
5.406
6.224
2.247
3.217
6.07
4.823
3.751
6.466
3.281
7.262
2.73
1.439
2.247
3.512
7.285
1.678
3.099
3.477
3.368
2.962
7.53
2.441
1.221
1.037
3.217
4.392
4.823
2.191
12.17
1.842
3.751
1.678
10.103
5.534
2.247
1.842
1.678
2.653
6.434
1.93
1.439
3.477
1.221
4.15
2.714
1.842
2.247
1.93
3.751
4.823
2.247
7.747
1.287
1.439
8.143
6.008
2.191
5.754
4.684
3.605
2.095
4.917
4.789
1.678
3.477
3.685
4.248
4.008
3.099
1.439
3.217
7.024
2.095
1.549
3.639
3.281
6.772
8.751
7.352
5.098
2.834
1.221
2.714
1.842
3.281
2.475
8.379
2.73
2.247
1.221
3.5
5.534
1.678
2.475
4.008
1.82
2.458
3.099
1.439
2.653
1.221
10.066
2.475
3.281
10.314
4.95
1.549
1.287
2.247
3.839
1.287
1.678
1.82
2.573
5.932
1.628
2.095
2.075
1.678
2.075
3.477
8.025
10.994
4.549
4.789
3.913
3.112
1.82
2.191
1.82
2.573
1.037
1.842
1.037
4.354
2.247
4.277
3.368
3.512
7.47
5.025
1.678
2.191
2.653
1.93
0.91
1.628
2.475
4.089
3.913
1.287
6.561
2.475
3.751
5.375
2.475
1.549
2.373
0.91
5.187
2.653
1.439
1.93
8.993
4.189
1.037
3.004
5.25
5.754
1.678
1.037
5.932
1.287
1.037
2.191
4.248
4.008
1.287
0.91
3.281
4.549
6.567
1.287
2.095
1.678
3.605
3.368
4.189
1.678
2.191
2.373
2.075
1.678
4.648
3.112
2.834
4.917
3.913
1.221
2.834
2.247
2.475
2.373
7.193
1.82
9.85
6.567
3.368
3.281
1.439
4.684
4.316
4.504
6.839
1.549
2.32
2.653
4.467
5.826
2.075
2.095
5.187
1.82
0.814
5.305
5.352
2.834
1.628
2.075
2.73
1.287
1.467
1.549
8.501
2.573
3.368
1.678
1.287
2.32
2.32
3.751
5.826
2.475
3.477
8.015
2.075
1.037
1.037
2.373
2.962
5.305
4.008
3.368
8.389
6.491
7.72
6.224
3.913
6.008
1.93
3.004
5.033
3.913
4.549
7.216
6.211
4.12
3.004
5.557
3.112
4.967
3.751
3.099
1.037
1.82
3.281
1.82
1.93
1.628
1.287
2.714
1.037
1.842
4.189
3.74
6.356
4.008
1.842
1.549
3.112
3.355
6.863
8
2.075
3.281
1.287
5.868
5.527
1.93
1.678
2.605
1.678
4.549
4.549
3.368
4.494
4.316
2.573
3.605
2.373
4.549
8.423
2.32
2.095
1.549
2.191
4.639
1.287
1.439
1.037
5.033
3.605
5.025
6.624
5.653
2.475
3.997
4.008
3.059
2.191
3.913
8.993
1.842
2.834
1.842
8.584
3.559
3.913
1.439
1.221
4.639
7.853
6.151
7.618
2.653
5.557
2.458
2.095
4.719
1.186
1.287
9.77
6.434
4.277
2.834
1.439
8.304
2.834
2.075
1.439
1.678
3.217
4.008
1.93
2.095
7.596
2.32
6.097
2.73
1.82
1.93
4.549
2.247
3.281
3.255
4.277
1.678
3.281
1.439
8
3.512
2.075
1.678
2.32
4.745
3.281
9.582
3.477
4.719
5.675
2.373
2.573
3.281
4.069
2.834
5.187
2.035
8.699
1.549
3.217
9.564
3.217
3.685
2.095
5.123
5.033
1.287
2.834
4.648
6.742
3.913
1.287
2.73
9.319
2.191
3.913
1.439
4.12
2.73
2.035
3.217
7.747
2.191
2.095
7.901
4.316
7.001
3.605
4.316
8.403
2.475
2.653
3.465
5.305
2.573
4.392
1.678
2.191
2.834
8.54
7.645
4.648
1.439
1.628
4.891
4.382
3.477
3.112
6.211
3.86
4.12
8.467
1.842
1.628
2.877
2.714
4.008
1.037
1.439
2.247
2.32
4.008
1.439
4.789
2.475
1.037
3.913
1.287
4.684
4.12
2.075
1.678
0.814
2.095
8.102
4.277
2.653
2.573
6.561
3.112
1.93
2.32
3.639
3.74
3.997
1.549
6.008
2.834
4.401
8.765
3.004
2.475
2.573
1.439
1.287
5.25
5.147
3.217
1.439
0.91
3.112
2.962
1.93
1.93
1.439
1.037
3.217
3.685
2.73
7.397
1.93
4.12
2.075
1.037
3.281
1.678
1.186
1.678
5.587
2.73
3.751
4.401
6.742
6.008
3.74
3.477
3.112
2.458
1.678
2.095
4.277
8.521
1.82
3.465
5.187
6.31
1.678
6.491
5.826
3.368
7.958
6.336
3.605
7.193
2.834
5.932
4.401
10.33
2.653
4.008
2.035
3.512
3.217
6.389
6.574
1.549
9.212
7.816
1.549
3.512
1.628
1.287
7.21
6.31
5.305
3.913
4.008
4.719
2.373
4.248
2.475
2.653
1.287
3.368
1.037
5.25
2.191
1.287
2.475
6.491
4.12
4.648
2.075
1.549
4.089
4.277
3.355
0.814
1.842
4.277
3.465
4.392
6.151
1.93
3.605
3.059
1.93
2.714
1.439
2.247
5.587
1.842
3.477
1.549
2.191
0.91
4.823
3.913
1.678
8.389
4.504
3.605
9.706
3.355
4.248
2.075
8.699
4.277
2.962
2.573
2.714
7.602
4.277
2.458
3.281
1.037
2.73
2.714
6.31
4.008
1.549
2.373
3.355
3.099
4.967
2.191
8.184
1.037
2.075
4.15
3.477
2.834
8.389
7.47
4.823
2.075
4.639
2.075
1.439
1.287
4.95
6.224
6.049
2.458
2.458
4.189
1.439
7.279
2.475
5.147
3.099
5.033
1.678
5.375
2.573
5.375
2.095
6.863
2.653
4.763
1.82
1.842
7.193
1.75
1.037
1.439
2.373
3.913
2.834
3.281
2.458
1.678
5.587
3.86
9.425
3.997
2.191
3.477
3.839
2.247
3.477
5.653
6.839
3.099
3.913
3.639
3.465
4.719
2.962
12.584
1.287
1.842
2.075
6.008
1.037
5.925
1.287
5.187
1.221
2.714
2.458
3.368
2.458
4.648
3.913
1.439
1.439
3.281
9.564
1.037
3.605
6.839
5.123
2.573
3.913
2.573
4.967
1.93
1.678
8.379
1.678
9.534
3.512
1.037
2.075
1.82
2.191
4.008
1.439
1.186
2.73
1.287
2.191
3.751
4.008
3.685
5.826
8.584
3.355
2.247
1.842
2.834
9.616
5.187
2.73
2.834
2.075
1.93
1.549
3.281
1.221
2.573
5.187
3.465
4.069
7.397
2.573
4.316
4.891
2.73
2.848
4.823
4.277
2.191
1.678
1.842
1.037
3.281
5.187
5.187
6.369
2.075
6.561
3.004
10.374
2.191
3.639
8.102
1.842
3.368
2.962
2.714
1.221
1.287
4.549
3.477
3.217
3.217
4.277
2.962
4.316
3.605
1.93
1.628
6.791
6.839
8.299
7.853
3.86
2.095
6.097
5.098
0.91
5.025
1.439
5.932
9.368
2.191
2.075
2.475
3.004
2.962
1.287
3.639
3.605
6.863
4.15
3.751
3.639
1.287
1.287
2.458
5.557
2.934
4.277
6.31
5.29
2.834
2.834
4.648
4.648
2.73
3.559
4.917
4.15
3.639
8.403
2.191
3.639
4.549
1.93
7.618
2.653
2.247
2.573
2.962
10.708
2.373
3.004
3.5
3.368
3.217
5.098
1.842
3.099
2.095
1.549
1.549
2.373
1.678
5.79
3.099
1.221
4.789
2.075
4.745
1.93
3.281
2.653
1.037
2.714
3.86
7.596
6.284
2.075
1.93
2.191
8.239
3.639
5.653
7.552
4.789
3.74
3.281
4.008
6.791
4.648
1.678
3.751
4.277
3.639
2.458
3.913
1.467
2.458
2.573
2.962
1.842
4.967
2.095
7.118
1.221
1.221
2.247
1.439
8.389
7.054
3.913
12.771
1.678
1.037
3.368
5.826
3.512
2.653
1.549
5.587
4.277
1.842
6.224
2.247
1.287
9.194
3.112
2.075
3.477
6.008
1.842
3.559
3.839
4.008
4.12
6.07
6.224
4.382
1.678
9.099
3.004
6.389
2.934
1.287
1.549
8.061
3.605
1.93
2.191
2.573
1.678
1.842
4.719
2.73
2.373
1.93
1.186
3.281
0.814
1.549
4.549
3.112
2.247
2.573
3.004
2.095
3.839
1.842
6.284
4.823
2.32
2.573
3.112
2.373
4.95
6.821
2.573
4.15
1.439
1.549
1.842
3.751
2.075
1.549
7.747
4.008
2.573
3.217
4.089
2.191
10.615
7.602
4.189
2.475
2.095
1.287
5.025
3.605
1.467
2.373
1.842
2.877
6.466
7.007
1.467
3.368
3.217
2.475
1.93
1.82
2.035
5.497
2.32
5.123
1.842
8.077
9.225
4.382
8.656
5.932
2.475
3.913
8.229
1.439
2.32
2.191
6.07
1.287
3.997
2.458
6.863
7.375
2.573
2.32
5.123
8.423
4.189
8.189
2.475
3.217
6.965
1.842
1.549
5.352
4.684
3.913
2.247
1.628
1.287
8.803
6.711
4.392
1.186
2.373
2.653
7.375
4.15
2.373
4.823
1.82
1.221
7.774
2.475
2.32
2.962
1.842
2.32
1.439
7.747
4.15
1.439
2.475
1.678
2.714
5.123
2.475
5.187
0.91
2.573
4.392
4.277
2.962
1.439
8.389
3.639
1.678
5.932
6.674
8.656
6.735
4.277
1.82
3.5
4.401
4.917
8.784
2.32
2.877
4.763
1.287
1.93
4.763
2.573
2.32
1.93
4.12
2.73
1.678
2.834
2.73
2.877
2.653
7.336
3.559
11.013
5.429
4.12
2.095
1.549
1.549
1.439
6.717
2.834
2.32
3.281
1.93
2.653
3.112
5.098
1.287
1.842
3.512
1.439
3.004
2.714
4.392
5.527
1.037
4.248
1.287
2.573
5.033
1.439
2.247
1.439
2.095
3.74
6.198
2.834
3.559
3.512
4.494
3.281
4.15
6.466
2.191
2.247
4.467
3.477
3.913
1.549
0.91
1.82
5.711
2.32
5.987
3.368
9.888
2.962
3.685
1.287
2.475
3.368
2.573
4.008
3.86
7.853
4.392
4.316
3.112
5.187
8.143
7.279
1.549
5.098
4.189
2.441
1.549
2.475
7.853
1.678
1.037
2.32
3.355
5.932
1.678
3.368
2.834
1.037
7.054
3.281
4.549
6.31
1.549
2.247
4.401
5.711
4.316
5.587
3.217
4.316
6.791
2.834
1.186
4.089
8.015
2.877
1.842
1.842
8.025
2.247
7.481
2.73
3.059
2.573
2.834
2.653
8.555
4.494
2.441
2.573
6.369
3.86
2.714
2.877
6.643
5.429
2.32
3.099
5.733
2.834
1.037
2.075
3.004
1.842
2.458
1.186
3.913
2.475
1.842
4.823
2.877
3.217
2.475
3.751
6.178
3.355
4.277
1.82
5.282
5.305
2.458
4.549
7.552
7.901
3.913
4.189
1.549
2.962
1.82
4.9
9.085
7.916
2.32
9.53
6.317
3.465
2.095
1.93
3.605
3.368
2.075
2.73
2.834
1.439
2.095
2.73
5.826
5.557
4.549
5.932
6.717
1.221
1.93
1.93
1.678
4.745
4.823
4.467
1.221
3.112
7.827
12.771
3.112
2.73
4.316
1.549
1.439
7.602
2.32
2.962
1.037
2.475
4.763
3.355
6.491
4.248
2.962
3.751
1.93
7.024
2.247
4.316
2.573
2.075
5.305
2.934
6.389
3.839
4.891
3.099
4.917
1.842
2.475
0.814
6.211
1.287
1.678
1.439
4.719
2.191
3.059
4.467
7.397
7.106
9.888
1.93
4.823
8.933
3.217
1.82
4.648
3.477
3.685
4.883
2.877
1.842
1.93
3.839
2.73
3.913
3.217
3.099
3.784
3.685
4.95
1.842
1.439
4.549
3.997
6.07
5.282
1.439
1.037
4.648
1.439
2.475
1.037
1.678
2.075
5.459
2.573
4.549
3.355
3.004
7.994
2.32
1.842
8.751
0.91
1.93
4.316
5.675
3.281
6.369
4.504
1.439
2.075
3.217
2.962
1.287
2.191
1.82
0.91
4.467
6.839
7.827
7.007
4.763
4.823
5.675
2.573
2.475
2.191
9.842
2.32
4.745
1.549
2.247
3.74
2.373
3.004
3.281
2.475
1.439
7.79
3.255
4.467
1.287
2.475
7.677
1.842
2.714
4.95
2.095
3.639
4.008
3.355
1.628
3.059
4.15
3.784
1.221
8.708
1.037
1.842
4.549
7.024
2.475
5.305
4.745
1.842
7.958
1.82
2.834
1.549
1.037
1.439
7.193
7.618
4.917
1.037
3.639
1.82
6.624
2.834
1.439
2.373
7.024
3.86
8.284
1.93
2.373
4.549
1.93
8.784
1.439
4.95
4.504
1.82
5.587
1.037
4.008
5.25
8.462
5.429
4.95
3.685
5.587
5.668
1.93
2.095
3.099
5.587
5.826
2.475
5.459
3.477
2.191
3.355
3.751
4.277
3.751
1.287
1.678
2.458
2.714
1.439
2.32
3.605
2.73
1.287
3.512
4.504
3.112
4.745
3.004
3.112
1.93
6.953
1.82
3.255
1.93
5.826
9.265
7.336
7.596
2.475
5.754
3.099
3.74
6.863
10.461
2.095
2.834
5.025
4.823
2.32
7.245
1.93
3.217
4.248
1.037
5.187
7.645
2.714
1.037
2.475
5.098
4.008
2.573
3.368
2.035
3.605
3.355
2.247
3.477
1.842
3.281
2.458
3.004
5.025
2.573
7.024
7.216
10.246
2.714
2.075
3.281
2.573
2.73
4.648
3.368
4.089
2.877
4.9
2.441
2.373
1.037
2.191
2.035
2.095
2.834
2.191
9.099
1.287
1.678
2.877
6.643
5.406
3.685
5.429
2.475
1.549
6.717
2.892
7.958
3.368
1.549
1.037
8.184
4.316
0.91
9.265
2.191
1.186
7.958
2.834
5.868
1.037
3.281
3.059
4.549
5.557
4.95
4.95
3.74
7.262
2.877
6.561
3.004
5.29
2.714
2.075
4.189
4.549
4.401
8.584
4.008
4.12
1.93
4.248
2.075
3.217
5.033
5.987
3.74
4.789
2.573
6.211
4.917
8.284
2.962
1.287
1.842
3.913
6.389
2.475
7.147
2.095
2.877
2.834
1.549
3.004
3.355
3.099
2.714
3.751
1.221
1.93
3.639
4.15
4.089
4.467
3.512
5.305
2.32
1.439
3.512
4.823
2.441
8.299
5.987
1.678
7.916
4.467
6.434
5.675
2.73
1.037
8.555
3.512
1.678
4.089
6.717
3.839
5.098
1.842
2.475
5.033
3.751
0.91
5.025
2.191
3.112
4.549
1.93
2.075
4.917
10.646
2.573
4.789
1.287
3.913
7.352
4.316
2.573
4.549
2.714
3.004
1.287
2.191
2.095
5.406
1.037
2.441
1.93
2.458
7.007
4.15
3.099
5.429
7.53
3.099
7.106
4.789
2.32
8.148
1.549
6.211
2.653
4.392
3.913
4.277
3.004
5.187
2.458
4.008
1.287
2.573
4.277
6.839
3.112
3.477
2.475
4.316
1.221
4.12
1.678
6.772
5.587
2.247
2.32
3.751
5.429
1.678
2.962
1.439
6.158
4.95
4.504
2.834
2.962
6.389
2.962
5.375
6.953
8.501
5.147
10.009
3.512
3.368
3.217
8.389
4.354
1.439
2.834
2.653
4.467
7.118
3.639
1.287
7.747
1.549
2.075
4.639
6.742
6.07
4.763
2.247
1.287
2.834
3.839
2.458
1.439
7.569
3.477
2.573
1.439
4.189
2.191
3.004
2.247
2.035
2.373
7.375
4.789
1.93
2.191
3.662
5.557
1.221
7.827
5.429
3.099
2.247
2.653
8.364
2.32
3.997
3.639
7.024
2.075
8.803
7.481
7.262
1.037
3.217
8.933
1.221
2.714
4.763
2.373
2.573
7.001
1.93
8.784
1.628
4.277
1.287
4.392
4.823
3.605
2.573
1.439
2.373
1.82
4.089
2.475
4.917
7.602
4.277
3.112
5.187
4.277
5.932
4.763
3.281
5.098
1.678
4.95
1.93
1.221
6.158
2.714
2.191
3.685
6.151
0.814
7.077
1.93
4.494
5.429
2.32
2.962
5.932
2.191
6.198
4.12
2.962
4.504
2.32
4.925
2.653
3.217
4.823
1.186
4.504
1.842
2.458
4.008
2.191
2.475
2.247
4.917
3.004
8.938
3.099
1.93
2.877
3.639
2.373
1.221
2.32
2.191
4.382
5.352
1.549
5.675
6.574
7.859
1.93
2.714
5.375
5.147
1.439
3.685
5.675
2.035
1.678
6.336
5.282
4.12
2.32
6.097
0.814
1.037
2.191
2.191
1.549
4.069
2.573
5.932
6.839
5.123
1.037
2.075
4.504
4.392
1.037
6.772
4.719
4.549
4.189
2.834
1.549
1.93
5.375
7.262
2.32
3.751
4.891
3.751
8.143
1.93
2.075
2.73
4.401
2.73
1.037
1.037
1.93
4.95
3.74
2.191
4.648
1.467
4.823
3.913
3.751
3.512
1.439
3.059
3.913
9.394
2.095
5.187
1.628
3.004
2.373
4.684
4.549
5.987
2.653
2.475
3.74
3.605
2.075
6.07
1.287
4.277
8.637
2.653
2.32
1.842
1.549
4.12
4.789
6.772
6.839
2.714
3.465
1.549
3.281
3.685
3.86
7.193
7.901
3.112
2.458
2.075
6.839
3.281
3.639
1.439
2.191
3.997
1.549
5.587
2.373
3.839
6.863
3.281
7.193
1.93
4.504
4.823
4.069
3.281
3.368
2.373
5.754
2.573
3.368
7.596
2.573
2.32
2.095
1.93
3.997
5.754
7.596
6.953
4.392
3.281
5.557
1.93
2.848
3.512
7.077
1.678
2.075
1.186
6.31
5.557
7.552
8.102
5.79
1.221
5.653
3.512
8.148
4.549
3.368
3.112
7.645
2.373
10.956
6.097
7.747
4.008
3.281
1.678
3.355
3.639
4.648
2.834
4.9
2.714
2.962
2.73
3.368
4.382
1.439
2.73
6.643
7.464
6.317
1.842
4.316
2.834
6.965
6.917
1.439
1.549
2.962
3.465
4.467
2.32
6.466
6.317
1.439
1.037
8.239
2.73
7.425
3.685
3.281
5.459
8.699
4.763
3.913
1.678
4.504
2.458
5.375
4.891
2.075
7.077
2.834
2.962
4.15
3.751
1.439
2.73
8.364
5.406
2.191
1.037
1.221
3.099
5.187
3.559
1.678
6.158
3.368
3.74
1.439
1.439
2.877
2.962
2.191
3.281
4.504
3.099
4.763
5.147
3.217
1.93
3.217
1.439
2.458
1.842
2.834
6.284
6.466
2.095
4.15
6.097
4.248
2.475
2.095
1.628
2.075
4.189
2.458
2.373
4.648
2.877
3.099
3.059
3.217
4.248
0.814
3.281
3.112
1.93
1.842
2.247
2.32
2.191
1.82
1.93
2.32
1.842
