23.771
121.579
124.351
189.637
29.182
182.525
216.872
220
258.32
41.77
62.462
178.214
224.857
58.997
66.007
261.049
170.418
202.021
228.367
5.134
34.136
56.664
252.714
256.512
87.214
125.432
154.631
204.24
13.434
118.985
246.091
282.607
51.079
74.971
95.956
188.266
199.292
9.303
92.679
150.783
175.74
280.208
21.058
80.061
138.449
147.795
252.183
6.156
116.097
202.516
283.837
35.084
67.566
105.747
130.92
47.803
95.336
179.253
144.565
183.937
195.1
258.541
99.352
103.186
206.546
233.034
61.037
115.021
157.717
262.633
53.116
149.631
214.975
276.63
286.626
93.51
109.57
165.657
200.893
272.547
48.099
117.671
120.248
132.07
210.863
224.287
25.57
106.633
236.39
289.371
16.075
37.416
72.435
154.38
160.468
247.107
268.287
112.504
173.698
89.498
242.554
256.366
283.906
33.109
162.885
228.851
13.507
167.935
169.59
191.881
259.605
76.519
84.223
115.786
121.097
186.338
264.678
279.467
26.761
40.699
55.914
129.8
145.834
220.407
237.127
17.494
43.463
143.143
158.882
10.515
61.942
81.551
118.132
152.242
156.493
171.34
248.632
254.307
275.006
88.311
97.425
100.481
131.895
168.032
196.127
209.702
212.302
245.984
19.134
22.863
128.364
204.168
153.75
173.754
39.634
114.755
122.617
142.887
215.926
252.622
255.63
264.084
270.811
8.143
125.16
134.574
149.091
111.582
212.772
223.468
282.997
14.701
20.251
65.592
95.74
120.207
200.296
69.685
83.475
137.293
182.528
5.485
44.554
92.383
96.797
145.722
157.481
160.747
163.731
206.944
291.782
10.329
30.687
51.203
139.974
177.732
191.218
246.52
286.76
118.416
180.186
259.411
251.563
46.922
101.998
132.357
220.065
221.692
35.246
110.836
242.444
280.75
32.225
125.137
135.816
183.147
187.048
233.396
275.273
59.474
91.367
195.898
209.805
221.493
177.779
204.908
224.536
23.378
45.807
48.863
61.933
113.198
145.084
157.562
237.29
64.968
240.368
251.503
258.908
151.318
165.158
201.471
11.669
80.987
110.14
127.822
154.508
268.97
19.594
21.459
29.153
42.522
51.733
87.96
102.72
106.119
148.034
162.265
172.111
25.176
27.01
168.041
174.937
187.963
227.537
57.068
70.796
217.144
17.797
35.264
61.045
75.583
123.322
222.987
254.867
41.388
128.755
244.66
258.927
135.775
143.406
147.197
191.886
221.014
248.056
267.008
270.616
282.735
22.245
26.678
166.232
100.09
195.016
236.299
279.722
8.872
104.624
188.477
290.394
292.796
93.117
140.207
161.262
177.63
250.838
267.645
95.294
97.021
105.697
221.724
4.801
7.036
44.852
47.382
103.005
123.174
196.231
233.016
261.593
264.238
283.786
58.483
64.396
154.307
181.129
185.801
205.244
271.614
55.612
75.794
183.41
252.096
11.414
120.289
156.752
214.136
83.461
95.913
118.598
150.245
238.271
242.866
113.363
116.162
143.956
174.464
276.495
289.274
31.921
44.384
49.996
60.338
66.644
80.549
158.713
193.826
203.909
206.928
246.084
257.164
293.256
138.966
187.97
52.042
72.959
84.694
183.225
229.924
6.267
112.051
132.853
173.426
210.894
216.921
34.278
39.531
68.206
180.054
192.028
198.893
208.073
269.325
21.377
63.775
120.082
153.616
213.486
266.41
31.082
100.504
125.592
176.167
226.03
14.938
49.582
178.474
73.103
85.742
136.212
1.539
232.107
234.706
241.179
244.809
292.883
10.738
58.048
123.523
126.733
187.492
217.894
44.476
90.964
129.985
229.85
86.874
152.35
285.73
23.953
64.492
115.809
167.972
31.855
55.962
59.807
99.996
149.156
224.896
282.465
20.192
27.55
164.047
238.097
102.113
119.379
203.276
292.437
24.796
222.205
69.535
187.435
267.248
288.114
113.897
270.852
11.299
104.012
111.364
177.612
179.641
196.131
75.335
94.862
100.047
256.037
43.645
107.766
125.392
147.522
198.962
9.304
154.739
211.004
2.295
141.232
177.36
182.275
185.195
215.313
248.369
60.663
161.282
207.521
282.152
5.168
12.878
16.755
38.67
86.733
151.019
189.323
193.988
252.207
40.823
56.523
114.125
192.275
18.99
21.418
78.405
144.321
169.163
175.845
178.569
187.366
226.487
245.653
45.66
71.926
132.023
139.94
159.083
164.256
261.901
28.245
37.467
156.547
172.502
243.528
265.4
271.345
93.692
276.282
5.911
78.662
153.233
204.547
259.428
42.943
200.919
18.093
62.214
65.191
159.821
196.912
227.216
235.062
19.824
74.13
148.868
23.194
27.864
34.072
49.485
51.925
248.705
46.899
206.274
210.239
219.328
68.572
118.395
130.572
133.73
171.354
173.44
255.799
285.787
18.767
289.154
73.686
121.901
175.787
221.951
31.993
72.125
168.136
112.5
134.838
60.204
110.61
158.445
172.55
187.201
251.569
259.81
271.278
280.286
48.437
97.791
126.829
178.591
239.161
7.265
38.284
104.024
108.168
112.807
213.94
248.138
63.809
124.264
219.005
282.996
17.877
53.868
84.159
185.829
6.04
51.944
55.675
57.689
89.667
177.865
206.617
44.823
153.321
278.675
287.597
28.017
71.816
118.048
143.282
174.04
184.062
187.568
197.217
247.146
255.1
256.589
10.531
239.793
292.247
34.383
74.002
89.119
210.886
231.785
274.993
44.266
59.703
134.093
243.602
267.559
13.396
54.821
141.417
182.45
235.215
256.451
263.511
22.433
31.439
69.168
129.878
192.013
194.528
203.134
81.177
107.454
139.237
144.812
223.117
25.776
142.763
200.967
274.345
282.936
29.457
33.596
101.193
173.066
252.74
75.845
93.295
105.595
215.089
293.44
49.207
85.31
102.862
145.999
151.857
250.53
269.598
36.71
226.138
228.682
271.853
20.023
39.207
61.717
64.005
100.929
104.496
108.55
148.413
209.248
275.784
92.134
106.581
117.096
206.053
213.889
292.081
59.494
169.766
217.696
233.211
236.928
244.438
252.796
281.295
85.419
163.456
175.861
180.03
219.896
242.063
248.248
90.617
93.922
137.781
140.564
165.347
191.547
224.921
238.725
277.611
28.537
183.706
23.881
47.183
107.794
130.218
146.538
173.544
177.166
240.621
251.327
61.768
105.628
111.332
162.133
15.914
26.548
113.583
192.747
237.277
289.223
30.85
33.448
136.753
189.535
195.121
253.596
283.874
11.509
49.949
119.478
160.411
176.487
207.472
78.931
116.396
133.247
258.375
9.466
13.235
45.077
89.208
108.317
154.041
157.505
244.596
293.065
26.714
53.136
74.279
34.229
128.209
266.577
280.305
4.939
7.427
18.285
56.016
66.832
227.925
71.188
120.828
170.863
176.025
181.263
185.268
222.188
262.967
12.852
98.258
217.481
69.362
124.081
130.699
138.597
278.379
126.431
158.824
203.562
210.734
236.308
20.032
30.815
136.774
140.379
157.241
198.186
225.001
84.516
88.01
122.338
160.832
215.691
250.867
16.947
53.175
129.432
219.378
245.062
268.912
38.16
57.498
69.741
101.751
213.586
232.721
248.251
274.662
82.361
133.889
151.142
186.285
192.701
236.207
272.394
76.35
97.667
112.69
217.056
253.439
265.313
289.129
200.903
208.862
31.501
195.507
206.093
22.387
80.12
143.81
156.509
164.425
167.254
241.204
281.548
286.19
17.483
129.382
136.934
149.956
188.658
261.893
84.375
91.805
174.5
177.11
185.427
221.714
257.448
249.347
273.626
276.41
95.735
105.707
112.647
167.958
204.284
218.667
233.584
246.927
20.39
48.744
59.045
62.238
82.97
119.286
124.837
152.926
34.018
40.195
146.529
216.23
272.429
116.452
136.714
143.252
150.094
29.675
106.839
122.139
290.228
63.995
140.419
177.862
184.733
232.214
293.251
9.493
161.51
192.033
204.141
43.83
47.233
123.045
206.595
236.063
271.765
27.55
224.763
267.738
89.447
181.527
211.772
218.306
198.141
228.946
284.575
12.968
15.804
25.674
29.086
75.835
77.887
101.711
172.222
178.435
208.313
287.697
118.27
155.233
192.173
202.558
279.836
50.803
75.375
115.003
200.754
205.686
251.461
188.127
239.192
56.789
67.435
111.578
132.595
195.696
42.216
53.762
158.041
184.207
241.221
255.988
3.237
12.679
16.411
60.318
231.438
233.041
242.811
44.416
164.016
198.839
266.801
40.162
70.694
6.802
145.097
172.498
240.468
252.263
14.598
18.331
47.303
102.344
127.559
140.517
209.962
227.271
230.611
286.162
288.556
23.973
65.64
68.568
87.516
176.135
200.817
28.888
42.329
98.71
116.293
131.726
212.149
222.882
234.542
284.017
20.502
92.823
113.373
119.344
168.304
196.231
16.637
52.654
60.893
89.334
265.88
94.661
188.162
41.263
50.938
54.484
108.253
125.964
246.782
258.366
13.811
43.535
69.602
84.699
135.343
209.594
225.372
32.561
36.685
80.871
96.619
176.394
112.27
120.892
127.341
148.603
191.686
201.839
276.516
93.51
153.315
178.903
214.586
264.139
12.538
39.595
52.348
119.01
143.106
181.627
24.302
122.804
184.457
186.014
190.064
221.548
267.522
290.272
33.2
42.152
137.532
167.001
231.713
282.26
49.868
113.558
161.76
169.573
187.044
210.411
218.151
235.235
44.188
55.128
77.194
249.026
275.205
15.287
19.054
74.715
140.038
279.044
132.269
177.941
202.981
269.131
1.563
48.608
158.105
170.773
174.842
284.46
136.067
220.744
287.357
41.837
99.441
245.033
248.122
117.119
119.998
144.518
256.962
10.344
83.616
95.11
103.664
207.112
271.976
38.808
64.484
75.196
156.61
166.817
290.792
78.771
125.025
153.061
191.373
215.382
242.74
98.445
180.572
237.315
43.389
57.977
81.748
128.699
182.369
220.111
230.504
239.677
29.505
77.002
85.226
106.964
121.958
126.946
145.788
234.927
250.632
109.995
114.946
245.365
283.634
4.747
7.9
93.864
175.91
212.176
74.844
136.042
149.243
191.645
292.091
58.002
1.829
53.897
61.988
115.491
128.932
180.2
182.997
209.866
31.398
77.782
86.499
125.448
194.476
198.304
224.137
262.276
44.006
89.479
106.222
167.12
287.663
28.156
34.512
65.775
71.643
92.982
142.028
204.982
226.029
276.48
280.181
20.141
40.746
69.224
157.127
264.615
266.835
139.711
202.294
207.018
213.072
11.373
133.28
198.367
215.699
232.625
4.747
103.797
189.593
194.276
71.074
124.659
159.662
170.887
180.89
185.222
234.555
13.962
25.47
46.432
77.347
142.544
18.365
51.429
55.781
107.742
135.943
164.773
168.275
230.587
248.853
263.855
62.251
88.748
102.056
205.159
29.533
84.901
99.121
149.532
155.136
161.593
207.872
252.171
268.44
292.367
121.776
144.438
211.571
214.266
217.073
275.065
96.851
241.868
43.815
142.446
159.117
219.904
238.787
248.741
7.672
11.201
59.518
80.227
254.56
271.661
172.616
258.403
47.154
168.383
245.189
99.319
113.279
117.658
126.119
203.868
95.198
115.342
130.962
153.771
187.279
192.264
198.814
214.396
221.525
87.9
90.941
180.188
183.169
218.717
252.44
14.408
39.242
66.13
195.443
230.239
208.724
223.915
287.349
12.336
75.151
127.111
184.664
46.864
86.461
115.587
165.174
237.315
276.843
31.074
80.994
84.112
188.454
225.308
227.302
254.665
266.072
36.786
146.144
233.489
252.488
261.999
283.674
195.21
14.052
18.306
42.224
133.239
171.073
219.332
222.152
40.545
44.218
70.554
281.035
21.478
152.272
165.03
173.827
255.639
53.085
80.329
134.825
136.77
146.66
169.354
235.208
246.229
278.469
27.606
104.363
140.02
250.899
1.678
47.789
55.667
95.908
120.905
123.434
132.25
230.575
51.225
200.893
286.82
25.142
109.9
155.888
207.129
208.864
239.497
266.89
40.759
106.786
124.646
128.565
184.575
102.142
211.153
5.579
61.054
69.963
85.588
96.183
111.685
176.615
19.306
126.547
183
198.89
203.637
241.41
10.081
44.856
99.84
158.5
191.673
205.798
208.19
118.483
123.68
161.342
201.23
215.697
7.505
17.983
20.349
31.163
178.389
185.161
267.164
273.479
291.839
34.815
65.479
73.406
168.972
180.689
219.523
50.468
75.261
92.248
112.697
150.29
174.619
36.623
57.767
116.046
155.656
177.346
191.845
45.552
54.62
100.858
121.128
253.784
164.262
195.864
208.951
230.899
257.952
16.211
89.066
124.629
187.97
249.211
75.119
280.991
14.17
147.603
9.752
79.424
93.119
117.725
145.146
245.565
59.118
82.793
220.176
232.657
259.31
261.965
37.389
62.715
176.72
68.754
186.445
276.69
16.117
21.691
52.047
163.076
183.942
230.352
234.03
237.621
49.345
94.684
109.376
136.708
283.441
27.881
140.915
150.003
160.29
174.617
221.392
272.417
25.975
64.546
195.234
219.409
238.424
242.809
177.973
29.556
54.935
105.545
181.885
212.407
289.419
62.927
86.326
131.891
226.612
250.496
27.446
33.374
110.366
223.301
41.426
49.813
114.63
220.126
228.509
7.963
65.125
99.356
119.574
193.644
196.624
206.942
216.911
246.278
23.322
25.636
101.592
151.821
163.08
173.1
88.921
210.379
214.903
226.112
255.104
57.081
80.214
141.683
147.792
154.489
157.76
231.452
262.133
24.648
27.655
37.137
67.031
271.581
26.183
70.073
83.411
197.833
259.921
1.946
4.723
54.765
205.111
22.497
29.579
59.055
63.735
100.593
263.889
25.676
167.526
86.821
200.284
268.076
27.713
57.447
76.822
90.899
109.812
182.238
36.336
153.522
171.434
136.094
150.807
208.783
10.394
60.592
120.726
124.838
127.997
197.449
211.667
251.239
257.971
280.956
4.532
30.262
68.726
87.918
97.033
183.691
190.186
284.794
75.517
223.303
6.443
26.099
92.901
147.597
181.084
185.669
187.518
192.762
260.354
270.636
292.469
33.376
104.085
134.767
217.376
228.22
242.058
274.849
154.134
175.89
221.807
234.122
256.902
277.668
109.38
194.193
200.087
219.399
253.917
288.322
10.118
60.916
131.393
165.933
224.481
232.063
235.503
266.98
83.337
95.167
113.148
127.787
186.285
215.83
237.508
21.764
55.519
99.162
115.906
150.221
160.914
183.065
248.56
35.387
101.351
178.313
244.854
265.164
198.601
262.409
14.185
79.062
81.892
190.641
240.507
28.801
96.963
181.497
266.663
277.108
282.139
15.943
49.201
92.807
137.892
147.73
246.367
250.501
253.629
41.845
46.084
76.043
101.524
174.994
51.306
243.444
274.367
59.169
95.381
104.876
61.9
135.97
139.144
212.187
13.587
140.946
218.739
6.26
74.509
82.572
97.261
142.855
168.059
40.179
120.289
173.95
196.142
201.143
76.747
192.744
257.025
267.584
115.632
118.399
140.399
275.229
64.261
79.192
94.222
152.638
171.465
180.952
32.254
122.049
155.205
196.258
200.323
251.717
288.527
52.332
55.16
85.817
175.921
270.525
58.324
72.835
89.198
41.073
178.714
222.939
119.086
165.55
225.243
26.218
31.646
65.505
68.779
70.819
113.456
135.604
3.297
35.372
132.953
174.279
227.668
168.876
206.016
244.223
259.815
267.768
38.729
86.17
158.795
189.985
192.865
18.925
21.404
82.131
237.628
261.697
6.546
23.162
70.549
89.713
123.014
162.403
184.136
222.267
246.46
285.623
104.652
171.748
188.502
196.539
235.024
242.274
258.641
216.297
239.752
99.622
113.223
145.081
159.437
229.716
280.094
283.073
0.953
149.933
152.062
226.08
6.189
22.175
50.671
107.427
131.346
134.228
148.087
167.865
186.244
244.35
288.847
102.811
211.962
239.278
198.086
256.44
26.799
45.919
124.124
165.061
182.964
272.804
121.959
201.43
283.984
129.584
150.443
188.264
244.164
261.032
1.906
18.142
63.775
90.527
156.055
217.742
248.065
10.54
81.582
97.763
117.49
120.355
126.677
184.091
286.06
274.302
93.223
139.108
13.091
31.242
53.61
67.798
121.983
143.026
15.132
146.233
159.743
224.911
234.579
41.85
72.308
175.02
283.969
291.39
75.211
85.289
101.439
111.668
190.618
207.018
251.67
287.203
88.069
93.6
113.939
264.109
49.77
180.799
197.348
203.336
278.011
61.507
77.666
177.373
222.804
235.432
280.474
3.021
12.161
35.512
171.84
179.109
188.028
192.666
241.999
22.05
65.055
138.971
238.82
246.134
27.558
44.07
114.56
146.438
57.353
84.107
109.541
208.405
226.799
266.313
271.865
7.001
47.087
106.386
131.706
154.22
158.479
214.499
263.321
4.179
17.683
119.903
136.07
175.656
179.785
257.289
268.476
65.78
69.768
133.756
147.982
280.457
123.73
129.315
162.397
229.165
259.657
275.76
141.357
143.352
149.569
50.238
53.446
88.736
212.257
215.863
218.215
287.42
40.824
42.759
72.961
105.931
127.051
145.797
168.093
245.143
132.88
151.813
166.353
278.706
2.339
97.458
194.286
44.396
61.096
138.741
191.219
259.476
267.922
281.759
5.568
80.144
117.768
163.593
207.581
256.354
293.006
103.239
168.64
200.246
25.241
43.43
100.934
120.473
127.72
246.384
290.842
27.42
29.667
47.906
112.024
217.951
241.699
69.553
272.737
20.444
76.325
86.749
90.681
93.656
187.57
258.434
23.414
57.845
108.979
172.589
194.352
203.581
215.597
260.424
276.124
51.823
82.055
85.296
114.563
152.061
17.031
87.933
104.477
255.46
27.492
219.102
251.275
9.135
125.164
211.521
31.074
63.574
118.82
122.182
228.531
238.917
262.708
156.124
231.978
33.088
36.026
98.565
166.157
21.808
141.371
203.072
259.671
160.359
199.192
220.025
233.554
270.054
274.258
6.485
11.84
39.821
236.653
277.092
102.044
127.085
139.333
170.365
1.327
173.442
266.865
163.777
210.722
235.388
239.166
32.538
90.915
104.526
117.092
125.107
167.522
186.426
189.547
223.412
279.204
83.318
130.397
251.165
285.567
43.456
59.503
66.763
95.972
120.085
134.17
30.338
114.07
127.333
144.006
151.193
276.2
18.538
73.409
78.883
88.877
110.456
233.664
258.8
40.426
67.929
86.749
107.714
146.284
177.448
181.421
197.549
216.836
281.097
284.629
14.478
93.58
131.102
155.239
266.658
20.85
33.181
71.664
100.284
190.618
221.823
253.342
46.721
56.181
62.819
243.888
248.842
23.755
27.844
74.438
144.038
124.696
191.972
195.121
219.632
224.731
255.068
86.921
157.168
198.65
231.119
264.349
35.663
108.836
161.387
205.007
256.671
260.01
269.04
245.878
252.578
30.494
53.27
134.684
171.698
174.603
202.234
234.497
126.769
144.536
147.183
220.589
291.979
81.622
289.492
60.148
83.712
115.355
219.066
221.743
34.354
51.509
124.255
216.052
79.799
135.819
179.247
228.234
57.1
62.587
164.092
194.473
4.096
47.849
71.05
82.622
127.606
153.737
281.107
19.565
46.199
147.727
169.758
174.019
98.471
203.853
206.378
237.312
241.23
288.056
36.372
60.262
65.327
78.028
135.109
142.643
182.553
190.424
193.063
201.389
214.211
222.575
7.127
33.582
89.95
117.203
139.397
159.783
165.807
186.573
256.728
263.91
281.581
58.015
128.663
194.788
197.379
233.01
20.915
26.212
29.046
42.799
68.451
85.832
120.249
151.417
216.644
155.09
18.558
38.725
44.945
62.619
163.212
212.916
273.087
277.994
285.041
71.92
95.244
101.77
198.677
203.195
208.286
2.781
23.18
204.954
248.936
31.344
41.394
167.536
211.425
11.569
124.556
243.178
266.627
271.25
274.689
19.397
37.139
59.742
85.181
144.754
163.052
202.341
256.751
246.492
14.79
64.979
81.11
97.882
100.142
139.833
186.997
234.855
239.996
251.422
287.306
289.595
35.043
149.829
194.5
231.438
25.832
226.737
268.985
102.471
145.29
206.145
238.262
264.296
279.579
77.788
115.521
124.546
190.132
248.49
261.168
283.409
290.579
93.935
204.069
37.116
98.586
132.785
180.125
209.643
212.425
221.118
84.534
87.631
207.881
8.725
136.18
13.571
76.288
104.818
133.618
201.114
246.517
35.068
91.946
124.518
158.35
184.265
90.393
115.291
168.143
188.322
206.256
10.387
29.8
112.664
190.618
45.59
58.609
118.272
137.219
142.52
224.185
260.923
93.458
110.678
8.94
39.229
69.18
77.628
84.611
151.825
155.617
215.532
71.212
73.9
105.534
108.885
127.781
147.934
178.76
210.608
267.971
90.592
92.245
121.75
225.218
232.782
252.694
270.484
278.444
80.275
81.934
139.05
160.464
165.758
190.032
229.918
250.81
111.163
146.111
287.868
289.847
28.535
40.874
48.209
170.587
198.776
23.584
94.023
162.289
265.855
291.987
64.163
71.006
88.239
116.803
158.429
165.751
176.14
202.606
253.082
272.582
10.596
16.467
50.28
52.69
91.852
187.884
261.04
67.674
174.382
257.226
288.876
81.78
142.507
201.053
220.407
233.56
269.563
276.673
280.347
46.124
190.618
76.077
130.483
180.723
281.776
94.328
125.57
172.589
177.175
222.772
72.979
101.926
132.535
136.022
192.542
209.562
284.069
31.688
38.475
182.478
242.002
128.777
188.287
195.343
244.508
36.813
40.569
74.856
98.642
100.717
141.594
226.295
234.397
18.406
53.38
76.87
114.269
135.806
154.096
205.656
21.504
33.275
71.356
103.619
123.891
240.582
257.542
264.823
15.13
119.948
149.905
267.152
26.641
36.438
72.766
106.96
109.299
237.37
248.513
292.587
6.465
30.497
111.206
171.139
227.159
2.787
75.765
152.205
229.427
231.68
269.595
286.785
61.943
64.882
69.288
99.899
148.61
164.6
139.101
168.216
198.156
258.486
264.131
289.229
71.828
86.653
110.795
204.52
216.983
256.564
53.891
89.545
162.178
234.365
260.594
66.718
142.952
146.892
219.732
267.512
285.512
105.751
200.136
213.22
229.021
24.738
51.327
57.574
115.234
156.934
255.834
28.541
159.905
201.983
241.318
248.564
41.784
84.843
183.939
207.375
268.314
10.973
137.916
197.597
221.903
224.713
237.828
258.784
2.114
4.146
103.181
7.848
21.579
43.75
48.428
87.612
92.002
124.683
132.497
218.198
45.769
77.678
74.048
81.633
95.96
115.521
260.905
12.441
62.621
89.353
165.601
171.085
190.074
203.578
272.222
20.225
31.898
42.959
86.992
99.764
103.262
145.791
148.428
185.764
233.624
289.691
163.212
225.051
265.387
27.19
132.051
155.803
157.892
161.845
30.225
50.28
236.454
281.368
39.439
46.6
85.814
87.942
116.151
121.332
127.23
141.458
164.063
168.293
239.346
25.548
107.889
148.618
159.773
181.917
219.31
256.355
270.248
15.457
90.655
143.285
154.866
226.912
161.337
223.065
231.961
274.081
278.517
289.633
204.349
266.729
63.361
69.119
209.895
11.104
86.796
128.17
188.683
191.562
283.744
37.98
109.892
239.992
208.373
61.987
66.268
125.252
173.552
212.83
286.16
15.288
46.229
178.269
185.896
55.129
63.995
193.286
5.093
25.32
42.78
78.078
136.394
140.362
216.371
256.075
258.258
281.909
237.199
59.674
73.59
83.882
98.532
190.94
202.559
221.581
75.47
92.115
120.873
129.354
223.699
62.661
65.157
67.439
71.096
118.73
165.566
256.345
260.897
48.602
194.529
228.732
233.908
34.402
50.668
54.616
104.567
140.836
169.693
199.176
21.963
101.899
182.247
277.974
13.92
81.078
115.729
145.809
166.48
221.359
225.638
45.791
74.59
87.53
130.51
150.662
239.707
27.16
67.793
120.64
195.821
254.851
280.004
18.414
77.026
111.358
180.375
265.966
288.147
30.815
62.705
105.859
224.252
269.476
283.121
21.345
157.847
161.845
183.14
237.008
242.499
24.977
33.999
37.688
40.432
48.243
109.551
153.633
177.024
212.616
133.835
244.806
275.255
278.086
27.748
97.541
172.095
9.178
43.402
74.04
86.008
121.548
137.452
186.877
190.511
202.194
247.817
273.338
292.328
249.659
252.316
68.949
102.478
127.782
2.776
222.519
235.172
265.618
290.572
7.524
39.261
125.616
149.113
210.614
239.818
246.499
153.612
217.612
141.697
150.652
186.299
213.783
256.239
101.582
111.017
274.343
78.98
108.464
130.646
172.038
181.235
208.203
241.534
32.495
35.211
47.681
60.936
105.28
126.506
63.98
123.706
134.865
143.907
154.454
161.979
228.303
19.294
43.063
89.868
119.385
139.33
146.56
256.818
265.613
96.422
194.934
279.226
59.559
73.705
121.855
261.819
52.042
57.257
159.981
183.108
60.825
77.689
111.235
188.68
33.722
116.193
269.75
277.597
31.362
83.085
5.934
36.109
53.922
67.235
153.759
157.651
163.174
169.205
173.98
285.366
23.21
42.078
143.52
178.017
250.348
59.607
104.409
229.381
282.274
10.6
15.64
239.751
264.878
277.795
71.023
127.935
132.142
206.004
6.068
63.059
200.146
210.041
243.8
288.114
32.263
36.429
135.874
217.152
27.761
146.236
151.07
232.3
259.724
141.666
166.039
202.897
214.085
19.134
76.717
139.231
188.782
261.455
283.207
292.808
44.626
178.047
226.6
238.181
58.655
142.281
234.911
255.683
168.827
288.1
42.496
48.324
92.887
117.823
132.847
162.025
170.801
220.001
4.596
46.18
51.164
130.46
230.011
21.69
96.675
214.442
222.35
292.971
89.316
94.733
98.678
174.627
233.123
266.753
15.775
115.344
119.379
155.851
168.072
187.632
190.905
218.213
47.029
110.692
125.354
179.954
247.299
59.561
96.771
122.175
128.391
183.568
207.881
253.956
269.155
8.303
55.578
66.326
77.158
192.747
241.307
249.122
22.23
130.992
136.274
195.241
211.909
246.061
227.626
63.866
75.406
81.351
198.53
38.8
84.505
156.436
20.141
34.383
120.893
210.643
215.609
241.545
31.496
36.709
78.405
147.747
158.238
213.012
236.845
274.215
282.182
24.856
28.32
49.602
51.945
68.504
107.845
191.122
196.084
64.577
103.144
113.447
165.002
206.332
224.08
40.632
59.082
218.561
71.787
77.279
200.041
221.557
35.348
43.422
47.036
74.176
151.827
185.094
203.976
208.925
258.7
17.447
109.551
136.633
235.292
248.609
278.371
50.697
169.238
188.46
201.673
212.357
261.254
38.904
106.66
155.515
179.91
283.583
37.286
57.857
79.497
85.416
108.76
146.956
161.448
231.825
263.801
281.203
14.472
224.713
19.349
49.432
92.522
274.782
51.236
110.27
204.885
217.695
3.616
33.849
40.281
55.505
136.81
156.936
208.171
36.138
38.358
53.199
98.375
108.664
190.575
258.057
281.527
20.289
28.8
31.67
88.792
96.061
115.211
173.73
225.451
235.87
252.536
262.422
286.159
101.032
187.74
47.207
72.3
105.08
111.522
144.558
50.652
57.357
289.791
33.426
140.024
292.7
9.438
43.641
54.955
127.692
133.578
199.922
202.394
247.179
271.973
23.902
25.751
36.995
40.117
98.105
146.418
176.903
220.886
95.237
116.107
165.04
183.64
187.266
267.362
279.474
283.678
54.031
175.196
214.605
235.873
86.215
137.864
172.804
204.377
142.243
156.564
24.77
92.947
211.466
245.189
258.238
51.756
101.249
117.708
177.374
192.872
197.712
220.369
286.274
17.588
57.474
216.886
230.061
269.857
13.203
150.735
161.888
246.907
69.888
89.77
96.402
232.568
239.805
273.653
74.377
169.518
188.131
237.486
71.524
121.604
124.462
234.328
242.698
20.225
29.752
61.224
266.482
15.097
108.084
165.681
222.354
3.353
6.372
46.981
131.357
147.228
163.095
270.401
67.812
89.245
105.191
136.482
247.9
33.763
64.882
76.966
219.63
257.329
263.02
11.221
62.046
71.157
82.071
97.974
127.731
54.35
92.379
115.182
151.223
199.699
215.383
260.211
78.869
109.53
111.959
225.24
119.398
123.4
186.014
229.255
183.273
197.49
249.175
87.257
159.806
188.776
208.703
271.207
275.582
284.608
10.685
32.212
51.324
56.979
43.482
65.529
76.117
282.88
27.269
36.737
166.161
173.391
211.835
286.214
25.001
143.03
238.214
67.975
112.05
192.758
230.284
253.802
269.556
279.704
11.987
19.437
22.756
38.294
40.857
150.933
161.798
164.357
8.996
146.753
158.204
176.206
206.519
46.327
103.583
108.975
121.355
131.418
170.672
179.622
271.857
6.224
91.98
216.753
14.674
118.925
165.836
245.285
285.22
26.615
41.346
114.663
231.676
235.312
238.808
267.673
23.464
59.662
63.768
124.402
282.114
184.691
61.314
82.073
129.188
192.467
242.475
93.135
274.202
14.253
58.344
173.382
232.257
11.326
132.301
279.44
176.807
251.291
2.439
100.097
139.24
188.084
26.678
37.836
53.537
246.589
17.426
47.041
62.371
156.762
286.324
64.693
118.285
181.372
192.907
254.252
71.584
136.357
146.596
159.745
222.308
227.678
290.658
179.166
199.753
273.895
8.472
104.925
271.684
24.761
79.731
196.947
225.118
241.401
51.295
68.324
86.317
88.161
112.213
145.046
156.475
184.203
237.537
258.594
262.607
5.598
12.683
84.027
108.833
114.184
177.107
239.914
38.067
42.032
142.318
199.278
28.79
74.546
147.672
171.484
211.801
272.903
9.879
77.387
111.519
116.6
130.758
173.798
269.515
44.499
235.476
87.66
150.453
180.459
228.289
81.665
119.285
188.05
222.411
241.041
252.39
31.196
62.676
85.48
97.781
145.522
170.903
211.902
256.795
267.853
288.854
33.538
102.113
116.968
161.453
204.322
219.64
72.47
89.174
234.603
3.417
64.88
87.127
111.387
44.16
105.023
239.505
284.129
22.325
28.788
147.903
207.087
224.067
230.504
13.632
54.223
68.64
91.774
120.738
129.861
163.046
166.113
175.784
191.765
25.2
58.018
60.813
115.234
184.36
276.857
168.55
216.109
49.651
87.787
140.817
143.955
250.237
19.221
125.752
151.629
77.038
117.221
180.294
11.429
15.499
35.099
102.363
245.852
252.467
260.918
271.572
289.351
8.721
32.513
221.048
77.734
106.382
123.867
148.016
264.76
40.036
60.641
154.353
213.171
218.886
24.385
93.723
120.675
158.482
210.782
262.817
292.4
12.099
98.479
135.547
139.471
203.23
249.828
20.594
56.951
46.423
52.556
221.523
253.384
260.379
2.651
5.745
267.008
153.17
155.896
215.434
280.603
42.831
67.596
84.567
133.408
210.183
243.111
257.384
50.625
198.816
282.346
62.354
65.17
104.429
114.09
120.403
126.974
286.116
167.493
207.531
212.341
273.074
8.3
31.3
38.296
54.72
100.935
108.98
195.307
15.253
26.727
29.564
78.269
162.214
188.471
40.295
181.601
241.193
243.935
247.942
5.44
117.344
157.923
36.938
124.139
185.007
250.409
260.245
10.17
31.074
32.631
68.887
144.932
235.824
276.966
42.748
105.001
129.486
192.947
213.698
239.33
29.718
45.898
72.105
172.389
255.692
13.049
90.411
95.858
202.814
252.421
280.27
34.533
49.595
117.72
31.448
134.785
162.674
177.389
120.844
151.892
233.457
248.77
1.978
38.381
148.148
185.338
228.24
52.805
104.901
112.799
40.896
68.833
197.017
199.71
231.326
273.506
29.787
42.943
57.106
82.762
235.66
24.505
66.205
134.652
173.37
206.23
225.735
26.442
97.727
111.433
187.889
190.625
208.054
245.501
264.021
277.766
85.387
162.744
291.298
8.363
39.63
46.797
74.266
95.285
123.306
139.506
144.872
182.663
219.506
241.515
268.834
22.652
49.502
125.726
254.816
266.274
279.783
99.895
109.459
171.881
5.137
16.676
65.316
165.901
228.733
244.849
252.184
155.191
288.238
35.882
168.175
186.966
59.833
70.628
82.542
97.032
104.369
159.944
223.087
255.116
257.529
21.999
86.605
94.176
284.012
26.435
50.783
55.147
77.456
232.011
239.113
264.018
33.417
153.012
268.03
52.714
167.7
218.342
288.159
11.242
89.762
164.018
260.803
74.388
127.441
157.075
5.683
189.998
36.502
97.639
179.121
229.182
236.4
271.502
293.079
1.934
42.234
185.467
241.787
248.561
254.337
276.543
29.003
281.97
4.583
15.689
109.331
6.586
139.264
151.86
215.821
233.986
283.582
36.906
67.085
238.785
257.735
264.812
280.314
41.004
54.817
64.18
75.105
211.103
231.749
271.572
61.987
70.179
201.33
229.277
71.171
79.19
101.99
26.476
132.02
236.358
32.102
59.582
147.192
173.94
261.345
44.094
159.464
15.086
83.852
113.21
187.74
193.61
196.826
4.965
48.896
64.152
122.388
134.626
169.566
203.727
240.594
259.814
284.781
8.383
77.609
104.862
143.849
185.567
232.35
254.333
277.402
17.152
45.945
198.917
207.41
42.954
60.824
156.867
189.751
227.64
13.68
28.629
79.7
99.84
115.893
129.332
172.983
288.241
40.421
119.895
245.113
19.73
118.168
125.68
134.553
140.187
283.586
22.956
75.758
92.541
96.531
110.894
160.447
213.597
265.7
9.926
87.878
147.612
165.442
217.728
26.33
35.332
49.101
77.308
168.115
215.676
225.97
246.333
250.3
163.337
211.984
64.205
153.645
50.873
115.786
204.016
218.422
222.843
18.175
19.863
89.135
192.16
2.791
47.849
143.114
176.537
274.908
81.495
158.797
255.771
60.114
160.735
182.412
21.579
75.048
269.611
12.948
49.992
57.991
109.813
156.679
206.607
262.052
6.165
18.841
33.909
100.466
140.301
174.889
178.245
188.049
272.957
54.766
201.656
257.657
259.63
291.351
1.072
44.417
75.464
227.816
248.091
160.923
172
224.343
252.775
47.536
68.283
194.443
235.777
241.473
244.722
275.79
51.688
130.911
142.97
197.179
201.859
262.339
60.043
94.581
120.965
155.735
157.981
42.879
97.289
152.182
164.035
239.221
266.498
34.528
101.301
108.37
13.905
146.021
181.967
222.272
232.683
40.608
80.14
133.178
137.488
225.049
271.745
52.563
167.501
83.597
141.591
192.941
207.816
64.199
162.016
214.253
218.688
21.331
55.946
70.967
124.537
157.461
226.261
267.877
290.181
42.572
127.647
130.825
174.159
196.223
257.945
178.237
40.196
121.906
275.139
69.205
93.444
113.108
118.111
182.362
7.933
25.659
28.392
71.643
110.778
126.044
191.22
219.821
242.49
289.125
42.529
141.658
245.582
258.193
4.332
19.134
77.925
89.035
107.734
150.366
186.836
22.734
204.181
223.13
271.033
278.034
113.58
239.803
265.518
51.207
70.667
153.994
199.91
41.172
287.309
8.4
74.984
79.926
135.651
144.554
148.008
160.752
163.14
290.798
46.64
96.64
208.771
261.852
282.594
285.02
139.089
196.203
224.101
257.702
29.126
60.076
170.17
68.095
164.866
49.956
78.749
158.858
92.094
95.116
125.853
150.394
167.562
186.618
229.791
234.482
10.679
32.825
97.78
162.443
176.967
231.877
16.49
105.259
171.484
205.946
219.134
249.026
253.661
217.333
287.492
7.78
12.721
58.634
61.685
68.616
72.15
81.556
86.729
103.645
156.574
211.019
267.434
55.127
93.588
106.962
119.11
245.16
35.322
187.288
231.158
252.601
282.24
100.862
105.703
194.607
292.408
95.727
121.551
147.512
153.38
158.852
197.733
201.776
215.4
262.892
64.278
107.201
125.833
182.036
270.461
75.931
78.156
74.524
91.065
98.052
144.089
172.611
273.457
93.13
104.615
118.111
130.541
133.929
236.661
284.765
29.555
32.983
233.7
108.598
193.097
240.249
289.534
12.295
35.469
279.533
60.051
71.212
98.092
165.401
268.679
20.272
22.6
92.522
169.993
16.229
79.321
82.268
142.456
175.057
178.752
201.092
208.805
3.985
24.926
55.856
68.886
101.829
145.473
231.842
45.38
51.528
112.069
116.223
120.136
39.102
41.395
123.155
128.357
138.803
160.448
184.214
9.982
148.271
171.877
236.858
21.842
158.237
213.306
243.868
84.221
105.611
181.011
188.697
217.975
87.241
269.249
7.076
39.718
60.722
80.14
130.099
143.106
205.979
50.205
99.902
126.923
147.039
178.737
285.65
33.439
160.109
227.174
238.808
24.871
110.01
149.85
63.933
195.797
210.399
223.011
67.454
139.919
157.048
259.978
274.221
27.765
112.575
122.017
131.408
193.022
207.504
265.648
236.042
248.647
86.599
110.381
184.606
290.338
20.738
71.323
211.909
227.059
45.037
58.225
77.254
82.598
133.755
147.3
152.152
161.24
169.27
214.226
281.281
29.333
75.375
255.125
278.9
73.173
119.754
220.982
235.286
269.481
54.628
165.344
196.633
239.545
13.667
46.899
80.238
25.14
77.069
171.987
186.426
189.964
202.461
246.137
251.062
61.137
216.284
291.954
16.74
73.768
210.71
243.003
281.357
34.52
45.923
93.03
263.9
23.478
69.854
240.44
277.649
137.008
170.125
173.475
50.005
143.027
147.273
156.506
158.479
163.724
287.903
5.568
11.614
167.286
191.941
200.541
221.836
284.704
20.141
42.846
206.974
257.249
37.03
67.241
189.821
204.446
268.142
291.015
40.713
132.309
193.423
243.329
261.971
22.437
102.805
158.551
222.939
272.871
56.438
117.689
127.013
192.344
208.784
96.782
120.053
183.337
231.845
276.26
43.292
140.1
167.555
34.447
38.719
47.605
90
122.456
150.803
175.56
193.652
83.463
171.691
195.92
206.874
227.249
244.966
88.044
99.319
153.743
179.49
235.667
242.064
290.818
27.216
30
54.721
78.243
144.52
187.881
191.53
281.251
285.302
15.396
92.57
95.438
86.741
136.957
198.159
203.436
238.921
104.019
247.635
49.308
64.076
149.838
164.316
194.013
253.917
9.015
200.112
224.943
261.492
69.487
82.002
243.588
10.807
28.26
38.428
61.832
65.998
78.374
59.127
198.073
251.355
281.049
7.471
182.022
207.844
220.742
254.669
2.994
154.985
283.755
19.853
63.446
165.116
172.073
185.115
190.994
271.165
11.998
22.522
52.67
106.527
177.416
17.544
142.518
111.353
115.624
180.483
219.955
234.709
37.063
93.349
128.58
137.8
156.724
217.383
250.803
32.834
56.46
72.952
104.192
40.106
46.624
108.093
214.486
267.236
287.513
82.122
154.682
160.249
242.638
245.468
278.011
52.95
231.119
67.511
135.643
33.918
59.933
248.596
275.358
41.882
219.752
90.341
96.276
252.879
279.674
111.592
178.617
236.777
257.333
271.341
291.897
74.713
103.421
182.736
193.207
239.183
242.69
6.288
25.829
98.647
119.339
154.831
190.564
202.545
263.635
48.815
212.906
225.526
260.425
31.068
36.058
81.135
127.332
288.674
14.807
91.803
122.026
152.056
164.981
186.5
246.698
88.848
113.16
146.647
110.199
117.185
23.881
85.72
167.588
203.896
237.495
249.402
94.715
196.804
258.041
265.84
11.855
19.715
200.817
47.864
119.495
183.163
194.59
255.881
269.581
274.146
276.603
24.888
115.494
156.542
172.275
260.747
36.484
166.161
169.226
189.881
205.715
208.744
211.175
2.967
54.04
63.11
109.218
151.968
163.597
252.071
58.089
245.296
281.054
69.287
72.97
174.004
183.361
239.785
277.393
27.125
121.737
141.812
236.205
33.622
225.956
38.679
43.009
131.691
136.528
86.941
100.049
187.944
5.852
76.244
213.603
1.007
175.669
201.163
235.188
50.845
146.436
177.704
180.339
227.371
2.384
21.418
57.242
105.78
158.598
210.266
216.297
224.469
230.502
82.384
281.484
18.129
125.086
162.503
198.049
217.996
14.516
47.817
66.384
101.493
220.846
140.122
176.831
215.756
36.311
52.832
60.459
108.271
154.81
90.56
110.055
121.026
137.519
182.983
192.975
285.718
32.34
64.05
225.577
240.106
10.613
127.81
203.373
207.086
212.545
255.943
266.256
276.608
288.156
68.884
85.438
107.341
198.585
242.806
40.952
291.031
21.28
95.841
141.663
171.897
245.861
249.184
56.538
87.724
166.394
210.587
229.619
253.716
270.424
285.306
59.189
93.027
111.888
238.962
6.411
83.944
117.782
125.807
281.704
15.286
44.138
131.54
213.095
169.502
18.986
187.075
189.646
259.324
262.446
23.22
31.685
90.142
142.258
48.582
55.593
164.965
181.512
217.218
223.432
40.662
121.695
147.382
204.174
235.469
256.842
94.805
117.914
209.949
28.322
96.658
106.629
183.517
54.151
65.809
71.63
192.377
160.696
243.756
269.097
76.232
93.573
143.414
18.037
78.789
150.472
265.6
4.765
12.165
44.877
235.416
253.414
290.252
1.445
34.295
40.055
131.612
259.753
287.945
89.223
122.492
137.329
233.473
100.586
97.489
179.363
272.058
50.783
103.116
105.94
152.996
166.907
213.244
263.664
284.68
53.791
164.262
187.239
61.675
90.419
156.882
172.923
199.445
266.712
289.84
30.517
108.617
113.761
149.838
236.823
47.759
77.531
123.822
206.709
224.165
228.367
269.985
156.378
203.134
211.433
232.074
279.689
20.96
165.182
219.721
25.883
214.157
273.619
7.017
58.168
80.398
116.614
134.885
161.034
262.519
264.761
85.716
177.814
186.889
3.702
75.532
180.819
217.33
32.732
64.244
138.241
267.412
18.187
249.586
259.477
8.452
35.786
70.047
113.624
183.438
212.739
278.231
102.142
133.268
235.381
238.821
264.488
10.654
150.387
39.496
43.46
53.338
177.972
192.612
196.644
201.663
229.685
248.162
255.542
270.389
14.338
102.205
118.374
146.467
251.261
83.565
91.057
93.562
115.212
287.271
86.93
142.773
169.213
184.311
233.935
74.148
95.627
128.652
220.305
283.512
11.51
14.982
59.464
78.262
189.3
226.126
30.811
34.461
97.636
210.614
242.647
44.859
48.758
81.786
214.044
247.012
162.302
175.034
201.218
222.411
224.137
257.657
92.315
94.307
105.943
119.203
139.494
146.838
181.043
208.744
218.195
16.751
110.436
193.725
261.126
169.795
254.524
274.215
291.24
7.625
63.312
207.006
221.857
238.182
73.157
128.77
152.284
66.117
195.045
236.114
265.927
121.439
124.845
177.238
184.647
250.848
269.705
286.384
22.522
29.551
93.942
102.43
165.55
174.225
240.317
48.725
117.359
233.643
280.433
230.31
6.685
134.268
156.134
289.586
20.107
25.158
38.404
53.114
159.53
243.852
56.285
81.758
113.302
177.31
196.257
94.45
98.795
107.709
162.256
184.647
227.721
13.782
49.521
250.619
42.758
60.082
105.698
217.34
265.825
33.379
74.248
134.036
151.504
178.357
256.743
125.589
168.646
210.761
78.073
180.918
203.672
273.041
81.201
158.392
162.947
173.605
192.72
290.577
108.938
119.411
141.576
154.855
199.917
240.711
106.602
184.641
100.174
207.527
235.27
17.17
30.099
88.923
145.693
148.973
257.072
270.268
10.213
262.823
21.973
43.294
56.263
178.81
189.483
215.037
219.422
230.243
274.691
166.896
244.777
59.691
103.241
226.221
5.981
25.356
108.99
195.854
33.849
54.248
69.437
86.843
221.281
18.196
145.725
159.56
201.917
205.554
210.122
29.787
275.445
4.642
112.262
116.034
138.709
285.341
66.727
129.61
152.029
230.439
240.841
38.268
122.018
179.742
51.4
253.148
46.886
187.091
79.095
98.479
238.75
209.668
219.73
248.688
278.086
260.795
281.983
64.522
91.468
111.091
126.804
138.647
174.914
265.78
50.042
70.664
170.817
230.559
256.602
287.687
93.295
96.821
132.23
107.14
205.168
222.613
1.539
7.618
239.106
242.231
244.879
274.417
44.185
128.91
227.254
235.79
149.592
211.655
64.195
166.403
216.755
268.553
24.627
154.688
164.275
4.081
11.162
83.458
252.226
256.078
105.743
117.715
226.738
199.717
232.827
235.641
242.228
265.196
90.173
92.935
146.116
153.652
61.119
100.496
175.928
191.512
1.537
75.939
157.817
194.973
221.655
133.753
180.241
286.262
9.1
40.835
187.652
5.823
170.566
3.453
251.028
259.485
253.829
269.436
115.275
201.321
3.073
203.641
20.057
179.694
100.484
